7.487354819290392705e-01
-2.895405926758367343e+01
3.513358534206311674e+02
3.112169146020576136e+02
6.802269975083385933e-01
7.995210342200452791e-01
9.095217842377126827e-01
5.332477673516666794e-01
1.688397913691020547e+00
1.486880287322353444e+00
3.924215186145690315e-01
6.177282936098548172e-01
1.899343188609461164e+00
1.965590630731297805e+00
4.703070662897390619e-01
1.208719477600334269e+00
1.270327840349036785e+00
7.628880107103573893e-01
1.343248957724411385e-01
7.695741703895943031e-01
7.601075349568094941e-01
1.653639781929095805e-07
1.787181597260600885e+00
1.213253804074956849e+07
5.651762741760890663e-01
7.065474116741542266e-07
2.045432453534253625e+00
3.799080586180781393e+04
1.114622968861835733e-01
3.087778056944923190e-06
1.873408893619603610e+00
2.135171474786009469e+02
1.522884210725377052e-01
1.239334060481752826e-07
2.070378889987377846e+00
5.492408692203167593e+05
3.989421013234515650e-06
2.026130895765823059e+00
2.078078295812351826e+03
1.306963530979160867e-07
2.000918398606393644e+00
1.472137294701125356e+05
2.425906026300224738e+01
1.756226278615825143e+00
