9.516807113435742371e-01
-1.037530189226458788e+00
2.523903068340616755e+02
2.901246789120548328e+02
2.252734340996914442e-01
1.583000301134898091e+00
1.757545595469728328e+00
6.398174562723345504e-01
1.620854477616715528e+00
3.568660853212659578e-01
6.859352445010041821e-01
5.182660260500312477e-01
8.438324870998292759e-01
1.967739098452128355e+00
5.234706521772015675e-01
1.896703137515068915e+00
1.915963526847389020e-01
7.004706350102634094e-01
7.796588857150673624e-01
1.323483031039903501e+00
6.942306024310095358e-01
4.660799960991644241e-08
2.181721777215994251e+00
3.777339549043618608e+06
9.608286347635414115e-01
5.012011539381809070e-07
2.040631820413860265e+00
1.167580139084732946e+05
3.039114747326980906e-02
4.208511243916124411e-06
1.592769246802560712e+00
1.471052269298245392e+02
1.698183954854108613e-02
1.583875912441015552e-07
2.241548872019643479e+00
9.698888013779628091e+04
4.405748430071125082e-06
2.430565061551943629e+00
1.794604943086998901e+03
2.352058073756649037e+01
9.994081340449212369e-01
