5.853088950429290449e-01
2.621628805191146228e+01
3.235592055810101328e+02
2.855549177787809185e+02
1.787175811088413280e+00
8.689637539259733590e-01
8.853560243556392040e-01
5.606532293796826494e-01
1.555693798755199975e+00
1.114716119267687322e+00
1.760710138489789189e+00
3.679306450068499657e-01
1.504471817587226035e+00
1.952514708232769181e+00
1.004153636306251318e+00
7.869203468965226822e-01
1.890204816103423724e+00
3.409215389706875543e-01
3.230624704262319846e-01
1.395553757404250694e+00
7.330379465796863503e-01
9.473712565687649909e-08
1.507916951117767024e+00
4.281242410853698850e+06
4.201806543169087083e-01
1.919992927467864372e-07
2.150130222548418679e+00
9.773775354223293834e+04
1.975996081600208676e-01
3.875101445794452972e-06
2.301176064085275641e+00
6.307128234191727643e+02
1.051731437957332260e-01
8.626838823821728944e-08
2.243657589848100820e+00
5.413028772358918795e+05
4.736095767420834617e-06
1.950180350306236932e+00
7.151194715783044558e+02
1.264060558151012492e-07
2.348088765933583844e+00
1.039505695925943146e+05
6.720125187228870978e+00
4.169795719474390649e-01
