8.646915884792071294e-01
1.670277600278414809e+01
3.602551234243325098e+02
2.870516165546189882e+02
1.587395473229706644e+00
8.734802815733030412e-01
1.139726708760562035e+00
3.348697559295194526e-01
4.631668038131052101e-01
1.621828245831283377e+00
1.556540777762382310e+00
1.015944835979687211e+00
1.231462117250239491e-01
1.778594967012371075e+00
1.597251092598308109e+00
1.902810731094241925e+00
5.630085653295036074e-01
1.018443905211876332e+00
1.920794355123625508e+00
1.744232761534008302e+00
1.312074352015017098e+00
1.976127098493244235e-07
1.899522171742829890e+00
1.594677229812319763e+07
9.847972911319186062e-01
6.107114083025710936e-07
2.237904417215939468e+00
1.439441375623518834e+05
1.934521977600710818e-01
1.561200153520561676e-06
1.958187777915232353e+00
2.310591105286658831e+02
9.630197558093520072e-02
1.944120359642160664e-07
1.607298562240389916e+00
8.587647953314552433e+04
4.731063813485461080e-06
2.439758328257771502e+00
1.072968778416463692e+03
7.052546619207197437e-08
2.265420069816679760e+00
2.728092968467742903e+05
1.107842643732954357e+01
1.008009726238566106e+00
