4.559849268059557037e-01
-1.968209254856354562e+01
5.073611560879038862e+00
2.848741927492091008e+02
5.267510495426009909e-01
7.942401238099819905e-01
7.301891221394612996e-01
2.760337672706977274e-01
1.403932840800298454e+00
1.721890356955023960e-01
1.190591966663774093e+00
1.997485001076269251e+00
1.489641658651460476e+00
1.820773309786064775e+00
5.171224932728520907e-01
5.809101831524172699e-01
1.863074868310626409e+00
1.799008118906972653e+00
7.282005010161426428e-01
1.274488553681829117e+00
2.217227742469048413e-01
2.178124078244841750e-07
2.056965009326535920e+00
1.506162824781754613e+07
8.089631648234840711e-02
2.987695972681987306e-07
1.926669615731545715e+00
4.321993820169463288e+04
1.675731785131320539e-01
3.995474327188726407e-06
2.274090384617244442e+00
1.412800706079889778e+03
1.002342773979687102e-01
2.714896427478212250e-07
1.588760333064041408e+00
2.086001559652435390e+04
3.919821902425631701e-06
1.739174869399257251e+00
6.166159369408203084e+00
6.436494522526382641e-08
1.936056723211545538e+00
2.094599537810309557e+05
1.983735787647680482e+01
1.547233854433271549e+00
