7.410182386552675027e-01
3.341082137085402337e+01
2.904526297984101575e+02
2.831000660671911078e+02
4.704919914463285835e-01
8.884386771206025379e-01
5.244089965184524083e-01
2.951238479098303863e-02
7.657373545059963371e-01
4.712902496687637610e-02
4.426039932866170923e-01
1.371656627673595752e+00
5.696916331527713817e-01
1.545425543420968051e+00
7.033725986534251629e-01
8.240008644651293235e-01
9.255647747971056383e-01
6.684496906088568391e-01
1.634981374379094854e+00
9.812528560740257921e-01
7.014719509016773547e-01
1.470625466148089839e-07
2.455051043932571453e+00
1.079387151858782209e+07
4.671385846966112920e-01
2.524512355796413158e-07
2.303216996809224870e+00
1.550903986743014539e+05
8.747862157230999747e-02
2.507576416445186045e-06
2.260906444226824963e+00
1.420185997926978871e+03
1.021783419387970043e-01
2.191464234982295391e-07
2.292610215712241217e+00
2.442039309230081562e+05
4.247040448402475681e-06
2.483808945792253198e+00
1.482246549324702301e+03
1.756307586100930183e-07
1.934355452426204325e+00
3.281815735767883598e+05
1.587512778996825169e+01
1.614688065427222874e+00
