3.488638994309328223e-01
-6.295401841942993570e+01
4.205100135970729980e+01
2.788025291455465435e+02
1.044109843283249850e+00
7.246286321861674651e-01
3.913986287252171903e-01
9.783545478904731585e-01
8.388578168824596670e-02
1.701348883715852578e+00
1.400677855076060352e+00
8.749008464648948546e-01
6.645731164384011125e-01
8.399499453762729884e-01
3.165412462325188914e-01
1.395743369839737236e+00
1.158819213970615269e+00
1.623222159889222693e+00
1.005132554218376661e+00
1.932742884815185080e+00
7.359557807268392038e-01
7.383736141786119260e-08
1.961732926324792459e+00
8.837318126975520281e+05
4.566390069108013927e-01
2.838811367356423076e-07
2.007939880760768236e+00
5.357363983329099028e+03
3.885619037001639131e-02
5.464236849036924148e-06
1.452753811579038823e+00
2.687986573154935286e+02
5.667681232212991305e-02
1.179476167760975396e-07
1.892206487990389263e+00
5.365560941756835673e+05
5.834434663029302735e-06
2.024968525962445032e+00
1.854413302441157384e+03
2.099286202554071925e-07
2.403035108485938043e+00
3.986602168259312748e+05
6.513982429727109391e+00
2.234625645644026104e-01
