4.100446814326216272e-01
-4.737847770895621835e+01
3.427523380863174225e+02
2.908648573814573979e+02
1.907249966819302422e-01
1.533151121251214999e+00
5.687902254291528070e-01
1.736942947715879537e+00
1.520191529829858279e+00
1.486885159015626012e+00
1.585709835540313861e+00
2.010603528551400399e-01
6.453492547989536643e-01
1.559286998392132584e-01
1.592040619039367000e+00
1.973359668928419630e+00
1.733267417611555228e+00
1.397671186722351688e+00
2.679900092386633403e-01
9.642689909202443177e-01
1.649728947086891218e+00
9.354103400054506030e-08
1.675816896667423839e+00
6.807826039295467548e+06
8.492984092428311760e-01
6.261770820641589497e-07
1.417758308514499577e+00
7.375267332969114068e+04
3.445920235377787633e-02
5.324339755397191009e-06
2.113258525147768019e+00
9.243945911036730649e+02
5.421146195355175564e-03
1.550058201993782818e-07
2.306929852652741531e+00
3.337954098254899727e+05
3.165700651919737978e-06
2.387809659540922613e+00
1.079477851557177019e+03
1.501858711670237057e+01
9.356694841383431660e-01
