3.077467757134719761e-01
-4.716451350338260795e+00
6.237032737587873577e+00
2.977309692572648032e+02
6.844888155704071941e-01
3.694711185130571951e-01
9.509529588542158240e-01
7.595066785311223034e-01
1.164854168032368298e+00
7.368542145665064602e-01
4.227099889990075243e-01
6.244596428801013621e-01
5.589625947028924458e-01
1.505898282768138863e+00
1.495201258718869219e+00
5.687896015967777164e-01
1.354263916595722095e-01
6.748848867397098106e-01
7.213827615530611359e-01
5.741481927819384046e-01
1.635494313803388611e+00
1.252187397112204098e-07
1.655046303518050266e+00
1.961726336559140123e+06
7.653517265555354054e-01
3.452569377793647182e-07
1.716233823085146382e+00
1.212044663970713736e+04
1.072223402589015245e-01
4.067551798445489019e-06
1.406452354357567325e+00
2.047295929752800987e+02
1.653500720826224513e-01
2.867898658193807386e-07
1.483437313057088591e+00
1.097403330858997797e+05
5.153585701283568627e-06
2.271308722012418624e+00
7.296970449994004184e+02
2.032471622976238379e+01
1.790539723716216558e-01
