9.237928381875861739e-01
7.078818467412415316e+01
1.535445585968258513e+02
2.638371958142101334e+02
1.303569448295994304e+00
1.763766541258282583e+00
1.389742715370499315e+00
1.473217255486772403e+00
1.293077189867647192e+00
5.314659294179709947e-01
8.365839823516165730e-01
1.996198330182106684e+00
1.048416505722219449e-01
1.022110860656936931e-01
1.486731942099342119e+00
1.003156240838036783e+00
1.992462192270504362e+00
1.853451598339423523e+00
1.005970034323278917e+00
5.229208254133809186e-01
1.890934979062646848e+00
9.953984497368608457e-08
2.290382357230398291e+00
1.048388178568134084e+07
7.091238371823537223e-01
4.451989673094044608e-07
1.866035375106390948e+00
4.871774772304309590e+04
1.942896552039338476e-01
4.515125673186361263e-06
2.265893204751061596e+00
1.783821597868787876e+03
3.798504883546496153e-02
2.889932780704284354e-07
1.788013366052666253e+00
2.687402739771588240e+05
2.015667318232952968e-06
2.067987131497743825e+00
1.380801631121321861e+03
9.937123315987092198e+00
5.241458469668063280e-01
