6.486539215557980409e-01
3.890602898085560923e+01
1.302665172942890308e+02
2.820250086214421117e+02
1.903847872265474583e+00
1.883944115403685338e+00
5.195300236637931945e-01
1.871224305265178467e+00
1.887816472006180968e+00
1.550368842799570990e+00
1.918746017518559110e+00
1.778640127004845972e+00
1.635397974471219928e+00
7.849241651655283203e-01
1.612285047847012542e+00
1.999545309452966935e+00
5.382625377591426785e-01
1.197092199155809666e+00
1.167111646047457388e-02
1.621465917541388357e+00
1.822282644915291350e+00
1.013940324672427081e-07
1.813690422800015689e+00
7.778530879691461101e+06
7.892007616654922453e-01
6.907885258341708611e-07
1.636598201399284802e+00
1.159355698031257052e+05
1.103361245253980799e-01
5.139289594287679726e-06
1.916426180062045237e+00
2.260505182093068470e+03
1.503993008012673716e-01
2.842824893293759923e-07
2.350976845652171132e+00
2.271867349389322626e+05
1.969558628087958457e-06
2.024040665255435023e+00
6.090865768015567028e+02
1.336987146491257761e+01
1.967432554523757204e+00
