6.435999813008541626e-01
-6.656449174187395101e+01
5.580045669980502510e+01
2.595329929481069371e+02
2.091490023970583867e-01
1.069938362050179670e+00
4.736307833321207750e-01
6.795350361642752413e-01
4.912605329823472311e-01
1.726102227459697991e+00
8.535545800958039830e-01
1.291438201316021273e+00
1.321857868888927312e+00
5.336581310684941348e-01
1.925569832749174648e-01
5.194738860434637839e-01
2.051717002265008583e-01
1.717061741781534145e+00
6.615666358163398986e-01
1.303822137605141096e+00
3.537420764409752727e-01
2.213126467244445994e-07
1.938445832581188411e+00
1.453093262181247026e+07
2.335869730247677745e-01
4.950902506205155073e-07
2.129956753285013438e+00
7.731541848532894801e+04
4.369475123649675663e-02
1.844815973991424882e-06
2.205698309244101818e+00
1.453873601157783014e+03
1.680487326149496807e-01
2.732313072317671620e-07
1.657389097276235512e+00
6.655493973472937068e+04
2.202789671814793832e-06
2.040401608387411247e+00
3.550132254094479549e+02
7.997010590787937190e+00
1.390576121693345657e+00
