5.420169552182529937e-01
6.028811366093481183e+01
2.086181860393144518e+02
2.902624637430547523e+02
1.763923089439989544e+00
7.949241172918621867e-01
9.520524837606990642e-01
1.280282139224396154e+00
1.609650247802900891e+00
7.029067610992086046e-02
7.692920589958048838e-01
9.257658106834969480e-01
1.828681068816815580e+00
4.638940624448808503e-01
1.647806257645288097e+00
2.995569832067103144e-01
6.574704006334524120e-01
1.651014472467195793e+00
5.125841026644553100e-01
1.809477699137118645e+00
1.160850135792370175e+00
2.401787381607179360e-07
1.419880152796328954e+00
1.171578744988630898e+07
8.524084000809957484e-02
5.169311064488793391e-07
1.933510055132160455e+00
3.263077905891275441e+04
9.759372294657366054e-02
5.527153093182612879e-06
2.111571523082078183e+00
2.313559029391384684e+03
1.237239244287466899e-01
8.189101051667676873e-08
1.758302608354021856e+00
3.207697385046562413e+05
2.357588414958373940e-06
1.725831673342697492e+00
1.719799450108064775e+03
1.957390109920600622e-07
2.149937192143819953e+00
4.390205528588715824e+05
1.467439193775309292e+01
1.937359688814326519e+00
