5.182189175543571169e-01
1.803682732917643250e+01
3.154469243820186648e+02
3.042274777118427096e+02
2.617021807807032863e-01
1.954614735681291959e+00
1.910942613207779139e+00
1.766192655545627987e+00
3.494535151206122903e-01
2.739838621607639801e-01
9.366381922356107337e-01
1.028233254263685170e+00
8.744439821503720012e-01
1.351569018163004232e+00
6.581883958491475672e-01
1.066882011053206014e+00
1.083551548538480791e+00
5.906775749927044572e-01
1.867817298171684737e+00
2.238404719911991358e-01
1.592516392206040576e+00
2.335949825835016571e-07
1.925932982913190150e+00
1.498274600835472904e+07
7.676142965126423467e-01
3.443383679422413337e-07
1.889593854588049071e+00
5.472557758680275583e+03
1.229471522649514537e-01
3.447435933694345123e-06
2.161228434220157091e+00
1.154670773504823956e+03
3.580409820701670881e-02
2.193943493593111193e-07
2.287149509063695074e+00
6.918041562659894407e+04
5.112064982628261242e-06
1.566695067836230804e+00
1.541934619442751682e+03
1.563025173498756558e-07
2.032837591711278424e+00
2.669846538685963023e+05
1.239575559316820552e+01
2.093203245732411788e-01
