9.841697259321823266e-01
-3.076911801511937483e+01
3.255772681204827563e+02
3.059580880877217623e+02
1.851877747896913284e+00
4.095224517330115499e-01
6.259350942906308779e-01
1.534098913824860411e+00
1.993549790128754218e+00
1.244545910256853016e+00
6.700111917106659210e-01
6.551100180898548064e-01
4.481581744771100939e-01
1.726537514628464054e+00
1.479369365395446723e+00
6.903978235533941854e-01
1.687002353823301215e+00
2.547333623100892508e-01
1.710556197968068626e-01
1.480849545189284466e+00
3.081037203306192795e-01
5.128118923479732629e-08
1.713324887502380545e+00
7.609690382681852207e+06
6.992030049168949102e-01
2.468768088398620319e-07
1.561959662622155243e+00
5.871668091421131248e+04
1.389456643942781344e-01
5.706119535847270664e-06
1.828592251806198998e+00
9.054542060629628395e+02
5.084423410190556242e-03
2.176986185751006297e-07
1.451012269851951419e+00
9.769285518595096073e+04
4.344733991314566272e-06
1.702275467399397835e+00
5.891886482760719446e+01
1.168193850341176953e-07
2.309035891760459425e+00
2.054410187223708490e+05
4.755651210635689630e+00
1.699262283029007170e+00
