8.468866482687072983e-01
5.088416787443433975e+01
2.111842936254959113e+02
3.028034759479707532e+02
8.839282633540269662e-01
5.032422591890634012e-01
2.658995789208812299e-01
1.267810926858980336e+00
1.934048090793882846e+00
3.039380557300725982e-01
8.007874485184500457e-02
1.756839172843092545e+00
8.569691619162658203e-01
8.908103140155010369e-01
1.030813892182788072e+00
1.978640738100109209e+00
1.562224269002560284e+00
4.059264946770990701e-01
2.051483239747653176e-01
1.847171345056500602e+00
1.888789076370617881e+00
1.421066806885285656e-07
1.419406974384783249e+00
1.071559199871104769e+07
1.243837844113557523e-01
2.835519581550837157e-07
2.009646619660542477e+00
1.120296690634005354e+05
4.505322008024244262e-02
5.367167113209668256e-06
1.489005616114027486e+00
1.150194612850869589e+03
1.001188251976764115e-01
2.966332426764539958e-07
1.866843124368172901e+00
1.609691247602542571e+05
2.708571960279161442e-06
2.433410143334813647e+00
1.970339581162286322e+02
1.886566286797704566e-07
1.679371675049382340e+00
2.614825348184202740e+05
2.168474111383569891e+01
9.526803038238015331e-01
