7.087238335119045995e-01
-5.218991406932814670e+01
2.532473610345623172e+01
2.866603190309131151e+02
1.475770486631728717e+00
1.420799049084062071e+00
1.790505912444536385e+00
1.562477876667073495e+00
1.879121334655994735e+00
3.508270466131914733e-01
5.623304906083069765e-01
7.226302174139418444e-01
1.649964695909024170e+00
1.332182870800713959e+00
1.447096480181038758e-01
9.215872057312742838e-01
1.270559234375929547e+00
8.345504201365571140e-01
8.852846365034361398e-03
1.559033572990450311e+00
8.863451269229427609e-01
1.363959198122928934e-07
1.477472049556791456e+00
1.354999078482527472e+07
8.905447986225276669e-01
4.636693977502604440e-07
2.161578286596914644e+00
1.285229057677589299e+04
5.921992378018286346e-02
2.905834021258447377e-06
2.214713301094525910e+00
9.571096784576293715e+01
5.597507241460064620e-02
1.508481115444441192e-07
2.209108143543716984e+00
4.657597169106716756e+05
3.732345604369897251e-06
1.570514985615384163e+00
3.623886045436030372e+02
4.502979996703885490e+00
1.354527059943427592e+00
