4.032623435120137323e-01
3.211071660708992681e+01
1.371276498630860772e+02
2.999980143132752914e+02
7.551442317925212144e-01
9.644749128638056002e-01
1.629854274765334177e+00
5.094477655908036251e-01
1.160113925358304598e+00
8.127049491799499537e-01
5.714387731912498047e-01
1.214985807058795109e+00
5.935470951580921195e-01
8.214077208412338127e-01
3.668425939074942965e-01
2.033541232904662321e-01
1.976442241093830487e+00
4.772909881918256936e-01
3.526947166161960023e-01
8.849010039981805020e-01
1.194773959797085450e+00
1.967630846131879426e-07
1.579166919754027232e+00
6.241796230089832097e+06
3.661194234704912009e-01
5.839210334027175717e-07
1.815260776455254188e+00
1.515335228517958021e+05
1.589119735204015949e-01
4.291007460874815243e-06
2.450319449636288560e+00
2.370931083006263179e+03
1.409887737228472659e-01
1.734913123485820579e-07
1.526142087280950355e+00
7.926313393448789429e+04
2.504693887254264344e-06
2.415350233050820528e+00
9.322179970104215272e+02
6.344515637675541769e-08
1.986045226483536208e+00
2.181233216390253801e+05
1.669913781763936811e+01
1.363515077771124018e+00
