3.700765268224153193e-01
-8.352464087520203861e+00
8.044132543027234306e+01
2.886498506162875515e+02
1.708060126502467524e+00
1.606058032269758407e+00
1.790345172322866718e+00
6.042067933927806056e-01
1.065261120160116759e+00
8.130892527879577392e-01
1.160772939281988325e+00
9.623553922827857710e-01
1.289145921263562311e+00
1.110022611986742486e-01
1.716973770163735757e+00
7.408647357797633060e-01
1.305064611063430080e+00
1.095222007387276930e+00
1.303982150642316817e+00
5.516820774591739696e-01
1.362972196562293403e+00
8.822619263671327052e-08
1.867783954123208190e+00
5.298235056563030928e+06
4.297374856414025723e-01
6.626587386532427747e-07
2.418683876801782873e+00
2.484344374864841484e+03
8.551526813903345681e-02
2.399788808811196189e-06
1.985463296573193093e+00
1.966040224504753496e+03
1.938935431843198109e-01
2.146663815940729934e-07
2.383492923333315971e+00
5.846035176706629572e+05
4.924938627114318633e-06
2.359225666549399580e+00
1.159387246073938741e+03
2.418298217322560006e+01
5.262898241131097610e-01
