9.352868752960448173e-01
-2.124264354925884390e+01
1.868569102105385298e+02
2.875697339389978993e+02
6.897454188162815969e-01
1.715770784873300592e+00
1.725034904910508926e+00
1.048534184764022825e+00
1.595474055825442328e+00
1.033291433674254023e+00
3.826868004453886085e-01
1.244317067338990279e+00
1.381894751495483797e+00
1.327175480802936791e-01
8.924582966238157056e-01
4.805246176361656074e-01
8.029279715513815141e-01
7.852456079126778343e-01
1.779693530078890085e+00
9.064723765356064167e-02
1.084745469683684238e+00
1.567456301328398337e-07
2.151454508154200695e+00
1.004966338968061469e+07
1.956352127432173515e-01
4.768929875739270919e-07
1.498051623596188486e+00
1.408896404950123397e+05
2.248915655414642986e-02
4.312759767326755541e-06
1.436876042741683346e+00
1.167300973782950564e+02
2.956425712582929147e-02
2.358755928273463295e-07
2.349230209775711842e+00
3.574055301206644508e+05
4.329983570509974349e-06
1.767331358655761075e+00
7.604259259871375889e+02
1.672726436552053101e-07
1.815975129426795176e+00
1.199331270508810703e+05
4.605030862071193276e+00
1.461228704833196890e+00
