5.108914999931309930e-01
-4.154989675362809010e+01
2.299589088118362099e+02
2.803244439328429962e+02
1.351700707722934824e+00
6.574089597004839636e-01
8.725802974222518493e-02
1.479991494159082377e+00
6.056242250904907420e-01
5.016732408438848712e-01
1.493781593202768265e+00
1.130706190073768269e+00
1.450178463216292402e+00
3.788615037022322746e-02
3.928637789778737233e-01
3.656945447445143493e-01
1.946593079934415105e+00
4.535970258941314226e-01
1.537475016202312972e+00
7.901087717183662429e-01
1.887598609557921803e+00
2.200116372321984969e-07
2.099345660758924925e+00
3.662709374393961392e+06
2.501512417668880772e-01
3.747435572663461402e-07
2.208862831211945377e+00
2.711403534257930733e+04
8.924925319154899950e-02
3.414599733436513428e-06
2.061926261939374339e+00
2.210970975975838428e+03
1.936024868644854735e-01
2.417293577326622489e-07
1.598245477954359117e+00
3.328919503057504771e+05
3.365495311293600087e-06
2.443566360075458022e+00
1.005526491088026660e+03
1.461291229166609517e-07
1.613944194981569158e+00
1.783881898822571093e+05
1.137935755599685805e+01
1.798278336654070886e+00
