8.113374091857472603e-01
-4.988464407834896974e+00
8.930744080808094054e+01
2.950887227134898012e+02
8.024719770774041416e-01
1.297836956531738695e+00
7.218381206322390664e-01
1.669552769550898708e+00
6.686402077437176850e-01
8.588829979586282137e-01
1.256450953100449963e+00
5.322550399633643181e-01
8.894675781834060491e-01
5.846294454314843181e-01
7.738351724157553901e-01
1.099216958210214035e+00
4.396848471357080873e-02
1.609447086444182051e-01
5.006691484785751323e-01
1.462619063863551450e+00
1.231855227041692924e+00
1.842378904182045544e-07
1.901768197280282235e+00
1.470248107044050284e+07
4.845899072153204701e-01
4.517650515355593669e-07
1.620310077857247011e+00
1.107988124888944149e+05
9.665571750740549473e-02
5.917525470411486013e-06
1.761301128592619225e+00
1.496391581664774094e+03
1.642277100783881283e-01
2.340463235075025007e-07
1.576768799049679703e+00
3.024126164160169428e+05
1.213020748500262693e-06
1.469845032208072722e+00
1.973633153386315371e+03
9.085121529294971410e+00
1.140582845033096815e+00
