6.865726590904801530e-01
-3.928112817134364576e+01
2.180934807248513323e+02
2.833891081543016526e+02
3.002714273340585382e-01
1.630334225225408828e-01
7.477197935422741359e-01
1.499981967813027062e+00
2.277134160084800726e-02
5.533382372420757589e-01
1.845775911603000807e+00
7.513279945240822766e-01
1.635294854932449082e+00
8.159666208424573020e-01
6.325956183631342711e-01
1.796311478393466388e-01
8.414284311184165865e-01
1.557770446535169606e+00
8.208459869113270413e-01
1.461510633455784802e-01
1.619840201813896208e+00
3.647224445051647829e-08
1.644756361251831445e+00
1.374192437774941139e+07
9.581856134105896095e-01
6.973143934248838918e-07
2.264934085154753252e+00
1.327237890420386102e+05
1.731224548143094899e-01
5.303426133989946621e-06
2.135863449029410610e+00
3.421922522873845764e+02
5.045445967643759355e-02
3.052111138313052713e-07
2.463667567492606736e+00
2.713158706244604546e+05
3.064428621570088113e-06
2.063745419620103050e+00
3.996935991112393616e+00
2.495334988768958036e-07
1.818279823536308015e+00
4.479347794959766325e+05
2.432956590879400949e+01
2.131590825240355924e-01
