8.549189242442022385e-01
-5.965509794549515732e+01
1.349072693354743535e+02
2.751052978781108322e+02
1.274201268988621072e+00
2.876806468313314324e-01
1.640551856751007787e+00
5.505994064140544708e-01
1.011707516779913885e+00
6.921977104590329999e-01
1.856189567180223987e+00
4.786604643472308629e-01
1.434590618760954173e-01
1.210831738759280851e+00
3.336692263297197369e-01
6.171093843830265380e-01
6.068904284492436796e-01
6.955063887372138209e-01
3.928406033077743720e-01
1.350159604375314792e+00
7.413106005755791816e-01
4.444853914129783928e-08
2.016651333039605198e+00
5.193492557727276348e+06
8.093889961144152823e-01
4.687265273179751531e-07
1.890622993196601431e+00
7.422461265824428119e+04
1.606905969999035677e-01
3.636230947425989536e-06
2.220783955526951736e+00
1.117191520850386496e+03
4.237647754003218137e-02
3.177154819498995741e-07
2.043926467647169343e+00
2.330496447428722458e+05
2.676614642529947316e-06
1.509909578808168007e+00
1.426043904070462077e+03
1.079088826635116405e+01
1.578835730252543534e+00
