5.923283731645153649e-01
7.419093737897375718e+01
2.968903930476050732e+02
2.660789589481335611e+02
1.929460883343232291e+00
6.655888887939007681e-01
3.649490189362690762e-01
1.459071105536796642e+00
1.227456982150801901e+00
5.966957838549646898e-01
1.327399714825112376e-01
1.668504120257401135e+00
1.846032412519844179e+00
1.598558688454664312e+00
3.052922187975740109e-01
4.551180453301128526e-01
1.299604188403689742e+00
2.858682985535850041e-02
1.735349323690342116e+00
1.947718340877563570e+00
1.788829559836429883e+00
1.573734487971873873e-07
2.436974020435399346e+00
4.353775978209344670e+06
3.507840188325698216e-01
3.576997508424383493e-07
1.580881505931918340e+00
3.217932591520553615e+04
1.473674131764627637e-01
5.889313517261121092e-06
2.461819596841060331e+00
2.335996379286223601e+03
2.908915411273201024e-02
1.720584783286469089e-07
1.608215924649915474e+00
9.081547913771701860e+04
3.092734175271412264e-06
2.345825137044401210e+00
1.662775570394290298e+03
9.780666113712488396e+00
3.450455428454671236e-01
