4.304936274759003645e-01
-2.850003682919675896e+01
2.705018201617056661e+02
3.006636373154477155e+02
5.478270889016395584e-01
6.666716513079578021e-01
4.259725319148007228e-01
8.688592541030455418e-01
6.903137073894790587e-01
7.171084187298144563e-01
1.348084149860216074e+00
6.241519512764265309e-01
2.328245049205802386e-01
1.890132469071735599e+00
5.007190855260164053e-01
1.763617534351508143e+00
1.739297516352408812e-01
1.901605944273363047e+00
9.056082423275868543e-01
1.289227124999916541e+00
1.266566303865471310e+00
8.218816153713572239e-08
2.057062305923665235e+00
1.436146519939580932e+07
4.427768418223151370e-01
6.735505349054489162e-07
2.446753254432317171e+00
8.200974760424399574e+04
8.984139701642820941e-02
3.373343472841726813e-06
1.578692059579730911e+00
1.842554636228392837e+03
6.096403729783520659e-02
1.758517600046852121e-07
1.647852161273370530e+00
5.258550414148310665e+05
5.142460203824293554e-06
2.234997992479118345e+00
1.365725093187307039e+03
1.524696291022939909e-07
1.799669680070478339e+00
3.051294295395133668e+05
6.664039153465852294e+00
3.291567014444019557e-01
