4.551043272537950157e-01
-2.823398352040127435e+01
2.031154376222715143e+02
2.724369589071351356e+02
1.116890256916001078e+00
1.144540657766794478e+00
1.308574518814066723e+00
5.759293072124012092e-01
1.294392258010110819e+00
9.476480953106553029e-01
6.273382166004904947e-01
7.294080714384323372e-01
1.654339158479559257e+00
1.851248517797867255e+00
1.598829504816457359e+00
1.035310974352610547e+00
5.238339593866948862e-02
1.797521475558172321e+00
6.838495696790874989e-01
7.775497364821849500e-01
6.127162893311751679e-01
2.108115819856220536e-07
1.899084955815563136e+00
1.168415484777421458e+06
1.719734966619896332e-01
2.339907505732018203e-07
2.030733925917102223e+00
1.437551958016371063e+05
1.205441201006302310e-01
3.033316067380942249e-06
2.490961702362150199e+00
2.180183692655815776e+03
5.704837436497848385e-02
1.428271039840104986e-07
1.662076197957727874e+00
5.807453288597809151e+05
4.077366237552445420e-06
1.628820991609710056e+00
1.039729973687243273e+03
1.904151971225494958e-07
2.121047881301241667e+00
2.053217234728290350e+03
2.013498935914452659e+01
1.473656309083382077e+00
