4.634672212943715675e-01
-4.625413108784290728e+01
1.290722768643297229e+02
2.727022882173749849e+02
1.333502904382288357e+00
9.318886115965592243e-01
4.855820133930879301e-01
1.103726489677984590e+00
1.310267603906535294e+00
1.580150008222193314e+00
1.648084056142523179e+00
1.238720008318781929e+00
2.535972878424957444e-01
1.230133112581312416e+00
2.459394586316403508e-01
6.394484721004607408e-01
1.706646856774784116e+00
1.720672567730660019e+00
1.761014821171106970e+00
1.305422142353769965e+00
6.076493045322353126e-01
1.931673754194508038e-07
1.470206080828559969e+00
8.513046807477245107e+06
9.540583104164407358e-02
4.106550337187997104e-07
1.609556899366447746e+00
1.673412657650663750e+05
3.400181619321879234e-02
4.210442945857081078e-06
2.327129955886163337e+00
2.162357437101607957e+03
7.406295190722357591e-02
2.332741997551709359e-07
1.820820596891422616e+00
1.557592623550539138e+05
4.287600325622802627e-06
2.255997823455319740e+00
1.591126258578697161e+03
1.728192297117298274e-07
2.205946371197677447e+00
3.399534638274724130e+05
1.822598133159111100e+01
7.092970940204191832e-01
