7.384590549732703568e-01
6.746038571695893893e+01
2.848703577273175256e+02
2.613850979117422071e+02
1.085079470622809794e-01
1.465783406320166765e-02
9.574420571004227387e-01
5.351707553174487320e-01
1.416512097119023150e-01
4.770170489892495980e-02
2.491761722299442802e-02
8.547576786011459871e-02
1.147679177026690533e+00
9.156628557501002297e-02
8.164360112491961252e-02
1.170358751019429322e+00
4.294647587557470780e-01
5.262121306097766738e-01
1.079752324915639550e+00
1.020764263279050788e+00
2.321591504128960037e-01
1.161147630922000972e-07
2.207109938141079031e+00
9.589712140421103686e+06
8.096671868596268251e-02
2.030972503297187870e-07
1.509765817878127026e+00
8.870764460525863979e+04
9.821006632569144468e-02
1.477442113893539942e-06
1.548490712496916499e+00
1.700324702611769908e+03
2.133198002367622109e-02
3.099396213923927075e-07
2.299385231006012553e+00
5.473299105563765625e+05
5.816576585938779754e-06
1.521640726714710956e+00
2.288465267099591074e+03
1.359971755238521496e+01
1.541659855496367859e+00
