6.099275010259247454e-01
6.892766943713564842e+01
3.375597772788185580e+02
2.611951245463376381e+02
3.015312473467567922e-01
1.500338873826553066e+00
9.336871546707871394e-02
7.149483034855773633e-01
1.418901502544323012e+00
1.874485918282126296e+00
1.710281114327850460e+00
9.153628571673967373e-01
1.235476382938166973e+00
1.617607865498569275e+00
4.505053385996497517e-01
1.822184519281111692e+00
1.562022129795133552e+00
8.467639037266003754e-01
5.503824853506362746e-01
1.542874858232293089e+00
1.228186652336097362e+00
4.494387988840825658e-08
1.634934202857760699e+00
3.574703580314813647e+06
7.142620643617049181e-01
6.775891006988673358e-07
1.579035713320737999e+00
1.619302192840079369e+05
1.534485998573504317e-01
3.390073775825304227e-06
1.644811811561030845e+00
1.625599799495526895e+03
1.945103731444567385e-01
1.942302145504462086e-07
2.475588205142764231e+00
1.531828952920520387e+05
3.671606395723205345e-06
2.297650345412909800e+00
1.369800620553769477e+03
1.744195603094221297e-07
1.710278174868875567e+00
4.271305654902372044e+04
9.935385558333219791e+00
9.530715565193919048e-01
