5.747323720550735482e-01
1.018399724360469349e+01
4.814954363792554659e+01
2.939784439197562165e+02
1.817011722371544291e+00
7.309558238296524069e-01
1.107295026770469315e+00
2.502365412960436131e-01
1.632563258551479546e+00
1.542308306947008267e+00
9.828776681681851146e-01
1.519400571970988656e+00
1.622366612355627291e+00
1.686773927992767930e-01
1.816767631975903186e+00
1.196294043694209774e+00
1.363550650644749007e+00
1.791221392160069259e+00
3.799890763006262828e-01
1.291386881723751490e+00
1.857773432398882596e-01
2.471211789981789790e-07
1.927545351822645525e+00
7.012255656880802475e+06
8.862186061609950150e-01
2.352766828753350255e-07
1.986753727709156259e+00
1.136192366996961646e+05
1.770938787537822967e-01
1.438938308067621124e-06
1.877378851931128523e+00
9.323783927750863540e+02
1.636577551603988767e-01
8.290591143299948008e-08
2.021410437790406078e+00
1.391078883788402600e+05
1.431747408449030602e-06
2.226309559126449233e+00
1.464594970998481585e+03
1.169128605654175601e+01
2.191923283704964309e-01
