3.722005302055563236e-01
5.453205840064426013e+01
2.545259413979489977e+02
2.904778224267760152e+02
1.209135458742711888e+00
1.933516895317885842e+00
1.243086830869563286e+00
8.961500622409781514e-01
1.883152571422711530e+00
1.542930600372714345e+00
7.929474752237856972e-02
7.132371968848965071e-01
4.718381068873894191e-01
5.854647571288883467e-01
1.618534159395922378e+00
5.583120895957640606e-01
3.985584661111095106e-01
1.186679239084458937e+00
3.006033632387343224e-01
1.733390591692735239e+00
1.753743931209476248e+00
1.344488088134277159e-07
2.294612635783815691e+00
2.398843981625002343e+06
5.392848709456182776e-02
4.993900259829503538e-07
2.397082402152629133e+00
5.633694335239131760e+04
1.556714408089209835e-02
4.366464962224114957e-06
2.057940943643790099e+00
1.770503288682949233e+03
9.339567204439784553e-03
1.137746378616635801e-07
2.127723759534956294e+00
2.501124290530114959e+05
5.099443715143878827e-06
2.331332930069147213e+00
1.107752198204835167e+03
2.264462385350787907e-07
2.091805043083562854e+00
5.054522236353867920e+05
1.079081626247929648e+01
1.150455201779867931e+00
