6.157105120684559507e-01
2.026720255505915702e+01
2.686981285934904804e+02
3.016758095741730585e+02
5.555020436645068393e-01
6.722676128598341627e-01
4.220483502723010316e-01
1.022086242399933509e+00
4.404894408681568896e-01
1.187508202223750864e+00
1.966176021350553249e+00
1.134741091509811506e+00
9.328047840389539491e-01
1.767866755342027307e+00
8.028966255935453544e-01
8.897939820623733675e-01
8.693545828252638996e-01
1.688040041157024551e-01
4.462482950169531781e-01
1.097583310196236450e+00
1.563906387322358427e+00
2.460800130582759046e-07
1.807517630796925179e+00
1.009503609296894819e+07
8.427395818246022907e-01
5.142619924243863502e-07
1.587959617464286488e+00
6.338557286641482642e+04
9.910908033654193539e-02
1.054621642561133682e-06
2.241226389575529776e+00
2.205917661785964810e+03
3.321165142701835993e-02
3.155685198897492296e-07
2.118406494665090456e+00
3.331046857999686617e+05
5.371107429432948049e-06
1.780709550437131528e+00
1.262968715667494280e+03
1.504403475575574297e-07
2.408973716925333797e+00
4.009281833308598725e+05
1.503483890059807315e+01
1.522684774983288136e+00
