7.573758101095802164e-01
5.064560542036585389e+01
3.231474399996014313e+02
2.625019065202488378e+02
5.418439787079548653e-01
4.999518055841030151e-01
8.657704575428563087e-01
1.158571027328780589e+00
1.321145319294423359e+00
1.435055938440206402e+00
1.533478013498624115e+00
1.154976975790582561e+00
1.947752074072930828e+00
3.456404301711617499e-01
1.735285141413117849e+00
1.327578156604269921e+00
1.198204450291724676e-01
2.248892545072305738e-01
1.876849621158356962e+00
7.151781148205174077e-01
6.838882058767628558e-02
1.671147717789168483e-07
1.979803588401960024e+00
5.833630961536568590e+06
2.981750616002231125e-01
4.068348089256331791e-07
2.186102664903844417e+00
1.121666763818416803e+05
1.104171036754948015e-02
1.775525419376688651e-06
1.904660069494664043e+00
1.714067174641651718e+03
9.920485285139736542e-02
2.047114118299032357e-07
1.930817435274410299e+00
2.450980203633061610e+05
1.856928734326144324e-06
1.720700949020213866e+00
7.239279480920254173e+02
1.093392869657572319e+01
2.906090263466858947e-01
