5.142949907057461356e-01
5.404508305698240633e+01
3.587575381819724498e+02
2.623904921900677323e+02
1.828909862371435047e+00
7.398376265867776524e-01
4.764500352791713467e-01
9.246708432117987098e-01
1.984395393323222789e+00
5.290634765239195930e-02
1.017513630124299295e+00
6.768042024362096454e-01
4.787294490768498334e-01
1.161750168287320806e+00
1.935247260234782690e-02
8.526413759275563997e-01
1.984149612483494751e+00
1.701318056319617966e+00
3.043059990059823749e-01
1.587523019190012041e+00
1.316330184305466888e+00
1.460329756522068826e-07
2.104987777463435350e+00
1.161212885737173632e+07
4.782632191887105089e-01
3.926780960604304224e-07
2.094400751293698182e+00
3.718648589580312546e+04
1.410664613883327312e-01
5.571649857852957158e-06
1.512151011167350845e+00
1.007217527883587081e+03
1.146545580319259690e-02
3.074773824957890077e-07
2.004376663619784615e+00
5.158184347683070228e+05
5.050979983940434768e-06
2.036163522711769147e+00
2.274108258066464259e+03
1.368606605237518723e-07
1.735729134092744097e+00
4.258124227908224566e+04
4.888256732278431826e+00
1.377545486993840163e+00
