4.376028449565394496e-01
3.285032646993037986e+01
1.777732583023459370e+02
2.938373183425941306e+02
1.926258752339585323e+00
1.665149734108736901e+00
1.912173651224006843e+00
6.484826463368431604e-01
5.204656400249078052e-01
8.806014423939855229e-01
1.335486585032649165e+00
6.107992279572962424e-01
6.146169564294271526e-01
1.835662274830317076e+00
5.210427025615782526e-01
1.004890105300068281e+00
8.888125405837060677e-01
1.238551339478858093e+00
1.809373360703865119e+00
3.601194543915523516e-01
1.516169337196909606e+00
2.388184985014639607e-07
1.411612054544330475e+00
1.647727338730992749e+06
8.857625501219416053e-01
6.431264498375986400e-07
2.104022758021020234e+00
1.358077467242358834e+05
9.415726450835104622e-02
4.838147613716489208e-06
1.974964240148090244e+00
1.119065079058581205e+03
1.622828202513267315e-01
1.706206189458965090e-07
1.737667356151181952e+00
3.754725647852747352e+05
1.571030935755655837e-06
2.206845765773291834e+00
1.781190327000245759e+02
2.480974044887878907e-07
1.872266649450268217e+00
3.999581131220658426e+05
1.178138058244702435e+01
2.880784064107694831e-01
