4.863069728395598146e-01
-7.878503712297595030e+01
3.079370745332490173e+02
2.178876966794582586e+02
5.202497703855698541e-01
7.102519648369431948e-01
1.972141837383142970e+00
1.378674448185838175e+00
5.553886459027843614e-01
1.066981833051619422e+00
7.881099055358960215e-02
5.469723083376887285e-01
2.666640587638555715e-01
6.583726884306334570e-01
1.575368503732991199e+00
1.767489298204739212e+00
6.568680394391052113e-02
3.072119656447488967e-01
1.340349499734982741e+00
7.415874294472026840e-01
1.597165369273351843e+00
6.622994616890373722e-08
2.408732927037356752e+00
3.216927036414455157e+06
3.770916971297420539e-01
5.212704682572669997e-07
2.394466558527370115e+00
1.405235909712336434e+05
4.922856851244360871e-02
3.169451201363096142e-06
2.136125322440737051e+00
9.526301658255875964e+02
7.937293651735148614e-02
9.306384522936148625e-08
1.762102766838017365e+00
1.871164182263727707e+05
1.526487822866052430e-06
2.311008260600047937e+00
2.044356806569267746e+03
1.803538988191967718e+01
1.875709298419435900e+00
