3.389611898640224608e-01
1.485011492767205254e+01
1.706083806654203840e+02
3.026284197529002995e+02
1.707932856917568465e+00
1.723270921555499324e+00
1.939230436603816443e+00
4.393585608608455151e-01
1.819111077638067453e+00
1.070660065472207378e+00
6.912703096782314427e-01
1.097874189553974533e+00
2.740422294923199331e-01
2.689033241499937943e-01
1.289278603397443490e+00
7.753142373485386596e-01
2.933818887220487337e-01
8.053238160746142293e-01
7.093678335349186126e-01
1.117535300895525552e+00
5.568861598005105940e-01
2.234774456462073741e-07
2.434720312032105483e+00
6.752535992718803464e+05
4.731648444231066619e-03
7.095835741527542125e-07
1.471173423332022390e+00
8.886160860051323834e+04
5.682508963389103912e-02
2.499765805423583097e-06
1.425317166076929709e+00
8.971878123626065360e+01
3.623866203908249900e-02
1.904064822757232195e-07
2.049040849783992702e+00
5.196115524489977979e+05
3.533680689362879376e-06
2.349744505775336112e+00
1.328303597556327986e+03
2.405744014187248806e-07
1.512717822397591450e+00
2.365599800590972009e+05
1.493061920103058426e+01
7.799437096624086685e-01
