2.508162390278018128e-01
-5.689994851299785239e+01
1.983600307862435557e+02
2.789483209700681527e+02
8.299936918207568848e-01
1.403047658399572795e+00
1.685273040684167889e-01
1.469451356356703764e+00
1.571487055920249620e+00
2.487435254234206528e-01
1.439708417585160882e+00
4.536378497305563751e-01
1.604296246069692178e-01
7.679837144100760682e-01
1.731687265523036423e+00
1.235629430338918811e+00
1.715488864334841157e+00
1.481811412465463773e+00
9.162402894267410169e-02
1.042466529354716176e+00
8.796407374886541231e-01
3.572263937648901487e-08
1.575859105867310817e+00
2.026724504397115903e+06
2.164664107018022809e-01
1.921931504152325384e-07
1.587284861980800210e+00
2.359498287216418612e+04
1.255133822137427246e-01
2.589389807713242521e-06
2.402146806084078712e+00
1.691191555442776917e+03
7.108434855104742156e-02
3.043505684419725718e-07
1.767079465877080535e+00
5.626101280802051770e+05
5.517898185405641343e-06
2.003584905716499609e+00
1.501608753104272637e+03
3.028884840171078032e-08
1.478765075650633865e+00
1.317720298193398048e+05
6.208360862901086463e+00
1.103402736499546899e+00
