4.644219369341591186e-01
-2.586792488216951824e+01
2.635331109872201409e+02
2.892160412163653973e+02
9.452036348585185488e-01
7.747779079024298410e-01
7.478954228887034761e-01
1.401637985595017399e+00
1.278913010744297529e-01
4.487607929276526408e-01
1.051466850371680861e+00
8.306691342602142702e-01
9.708413697778968121e-01
1.965383889174350251e+00
1.050196538715713945e+00
1.612130675660738977e+00
9.136435774760141848e-02
1.457821577326565476e+00
1.260098449980083801e-01
8.190684161466982305e-01
7.352564749236955022e-01
1.618052243986232115e-07
1.703104568423706056e+00
6.829484437937414041e+05
9.797716418819937267e-01
4.819300554346614842e-07
1.895316167528020346e+00
1.605186803673515096e+05
1.171678565221440788e-01
5.743350568328262725e-06
2.158971369821455433e+00
4.092903217663294981e+02
8.121544542103711906e-02
3.038902334327046651e-07
2.068568484626752912e+00
3.566272625290839187e+03
2.181462778282048067e-06
2.326771689343844152e+00
1.398991013773303109e+02
1.761002578612287550e+01
1.632495709252614891e+00
