8.034801774384709994e-01
2.837704867965369715e+01
3.344750953743474611e+02
2.945585603841619218e+02
2.697943409877450738e-01
5.325399576645280242e-02
3.439547401657779280e-01
1.778967258835628229e+00
1.773718160374218478e+00
1.722443824787831090e+00
2.103433972476918268e-01
6.634107834831631800e-02
1.763739260880437865e+00
1.838125267689853848e+00
1.539021484349371693e+00
1.038188982129795601e+00
1.167660897923618046e-01
7.456224806531386307e-01
4.030995634832913455e-01
1.696836203404752386e+00
3.301028267994366577e-02
1.777869711724744929e-07
1.403234949046175961e+00
8.847544242288580164e+06
9.700167714383713946e-01
6.452682901215282088e-07
1.764681508813859878e+00
1.556683394299396896e+05
2.058750059688418260e-02
2.714018326059849193e-06
1.793891646655403349e+00
1.147172805586039431e+03
1.893163690147985356e-01
3.106397940086587693e-07
1.923473774886991894e+00
5.341220288975083531e+04
1.511916845367175963e-06
2.080537735237482977e+00
1.116749984641654464e+03
9.534451667344162033e-08
2.118006565474400471e+00
4.297633119244438712e+05
3.313945916608044939e+00
1.786368366837346233e+00
