1.252242233970454754e-01
3.862757703252488284e+01
3.084035284280305973e+02
2.727465181307369448e+02
1.136044980561869755e+00
6.120369442910222890e-01
8.741669460960090898e-01
3.429319887032228342e-01
8.268688375413313363e-01
1.234847011485237900e+00
1.755489965035407218e+00
2.390377117361599246e-01
5.566650341251272449e-01
7.395828198025243827e-01
1.000729577378770108e+00
9.457109316480452055e-01
4.880725740589297312e-01
9.804001438946655655e-01
8.710759407802456389e-01
1.423850845182789815e+00
1.169519558330994080e+00
1.509278373996086553e-07
2.496880396941373981e+00
1.910180477229287848e+06
5.500675531121165807e-02
4.600068051099284174e-07
2.448460723489259472e+00
1.118236613269290538e+05
1.230643168335262133e-01
4.998070523781399288e-06
2.204251422068912447e+00
6.723776697947545244e+02
8.092001440589517702e-02
2.515157677303810675e-07
1.788303424590073298e+00
5.398192056415347615e+05
3.405380925188316373e-06
2.489096725704174062e+00
8.494429378872110874e+02
1.835986920988914369e-07
1.636315904299988855e+00
1.705934744826847163e+05
3.310453153147317806e+00
9.733193158630296660e-01
