4.680875120537700829e-01
6.244486554991951266e+01
3.062535520011601520e+01
2.718639486737245647e+02
1.610813358707164911e+00
1.163338044821862649e+00
1.292655413872700665e+00
1.577379268048869410e+00
1.491019398140480332e-02
1.149361096605269861e+00
1.188027917441051517e+00
7.095380692953210389e-01
8.467859739008135600e-01
1.445617619989688407e+00
1.336950089473736003e-01
1.979794432555344708e+00
4.296990095870876769e-01
1.504630883964732435e+00
7.209143309866179461e-01
4.822312987477798962e-02
1.802914857779441382e+00
2.248473693353685508e-07
2.393468866537538098e+00
1.353454921014454402e+07
4.868578814348506478e-01
4.200850903029617962e-07
1.525571302572933163e+00
1.602229503196396108e+05
3.590471330306847092e-02
1.599411817811277860e-06
2.487387771367309597e+00
1.724826671630165492e+03
1.733970896293715036e-01
2.024199953664796213e-07
1.617324906846828281e+00
4.741206019787519472e+05
2.032666807126867338e-06
2.151028124858790136e+00
6.822458608622514475e+02
2.649093455691497871e-08
1.511422635340847753e+00
2.979084951715614880e+05
1.045159744510422151e+01
1.003519816139325727e+00
