6.001814924579795818e-01
6.084089584488708624e+00
2.039045794007968482e+02
2.957451489327316381e+02
7.767237693722478520e-01
6.973041387072176356e-01
3.643538537749345108e-01
2.070203276940306980e-01
8.813518719484897401e-01
4.212620361480561848e-01
5.696303605335295561e-01
4.496165810611868485e-01
4.130791435882786300e-01
1.487606498385977360e+00
1.950457675286187742e+00
2.288646349790149082e-01
5.050555256104426460e-01
1.807938497046780668e+00
4.251562017964832796e-01
6.416881096656132932e-01
2.423209948385331713e-01
6.648386037870399372e-08
2.296845984345108338e+00
1.143258493179230019e+07
6.482237672527760841e-01
5.299054349399382923e-07
1.553736742255104053e+00
1.117170761237245315e+05
4.211699310537236722e-03
4.025795247427389824e-06
1.973430029324322987e+00
1.171675531273672277e+02
3.913407284272646391e-02
1.520637724968975561e-07
2.395210141558012484e+00
3.151006303084453684e+05
3.331221249956510128e-06
1.905328812577533615e+00
1.313684034137057324e+03
7.333070932346836961e-08
1.985048777030895550e+00
7.437019756703995517e+04
9.583430966371400572e+00
1.634782354198397458e+00
