9.013366448504848139e-01
-5.650372529582606518e+01
3.167732375593392362e+02
2.689353042145470454e+02
6.134004488687413437e-01
1.478613139478411220e+00
1.490736700176211516e+00
4.376467164083499561e-01
1.180175947619150678e+00
1.239093267568640799e+00
7.468879045189217303e-01
7.065122054114579830e-01
1.782897297453669871e+00
7.996932742632554270e-01
1.537271703321555938e+00
7.515411889881182805e-01
8.357804115911015019e-01
1.241060967773403023e+00
1.542532156055055559e+00
5.114554330658228620e-01
1.045756694885897481e-01
1.636294100480992893e-07
1.659711777195747029e+00
1.439269248871189728e+07
7.303014165978961580e-01
2.097709674245163089e-07
1.511522095244842934e+00
5.775870885304300464e+04
3.370261033091891817e-02
5.616349256025958036e-06
2.382050699640076097e+00
2.015039393127103040e+03
1.205786851197838683e-01
1.435210819865308376e-07
2.113519631429460865e+00
1.804108782317633741e+05
4.193895794925815881e-06
1.968844722556083005e+00
6.381989108483398923e+02
2.249259572318359446e+01
1.290769337462846833e+00
