9.929854372379145477e-01
3.865541902618883796e+01
3.812739838976246887e+01
2.635666191571375521e+02
3.494907617176868375e-01
1.740127934689847056e+00
9.229949225912247313e-01
1.950805603081986472e+00
3.644192985647837779e-01
8.490456836908083504e-01
1.647587027373544233e+00
1.525090887694559028e+00
1.879091060754533027e+00
1.792590378360938930e+00
1.457729568084856764e+00
1.154863264503092957e+00
1.856283693375539723e-01
1.939569408864034283e+00
4.363070232480404376e-01
1.964121614052828368e-01
1.036132130505424298e+00
9.016120169985428610e-08
1.743061380948654371e+00
1.285666566492961161e+07
7.563552805129096779e-01
5.904510510458750900e-07
2.011032956249779513e+00
1.065120540270030506e+04
1.989604491216876714e-01
3.483247369649605817e-06
1.620564976974745885e+00
1.378597264301791370e+02
4.609656151373146826e-02
1.110180493505863555e-07
1.668497634768154159e+00
3.564738454468759592e+05
4.328345635749534556e-06
2.160433610443426744e+00
1.091608756740613217e+03
1.877713898470398055e-07
1.735260986196283550e+00
1.950457084620596434e+05
8.094189323609539244e+00
4.085219057046133861e-01
