5.720606418743046095e-01
-2.900231337167171120e+01
1.012212690962902855e+02
2.902365651615151592e+02
1.892429990755449154e+00
6.994967517839378868e-01
9.021229870231856074e-01
2.190377089043876735e-01
1.174108550874705337e+00
3.749957167222552901e-01
1.154616619403617150e+00
1.477495861853153736e+00
1.422286376986905632e+00
1.041497177200334301e+00
1.715255089184762438e+00
1.204977033863100996e-02
5.918446009539060082e-01
2.187723788654575008e-01
7.150726345738827039e-01
1.821609581402229727e+00
1.845245481240547214e+00
8.419158521964135457e-08
1.829442418179758612e+00
1.221689068575845286e+07
6.340542838239300316e-01
3.543605857753259529e-07
2.185136477898347529e+00
6.200705816173851781e+04
1.733597134872985265e-02
2.890379099591148938e-06
1.937346876858265121e+00
2.241944261437397472e+03
9.489842069554819959e-02
1.893037589153119633e-07
2.398552292882693227e+00
4.307918784426143975e+05
2.582269125231753670e-06
1.904748832464068009e+00
2.170721780397460861e+03
1.215523903857903283e-07
1.430815953915041572e+00
4.614531162863542559e+05
2.108256389808570574e+01
4.999357828157215966e-01
