9.351559469420117621e-01
7.791638162143974000e+01
1.164355437117679912e+02
2.673447835267621713e+02
1.429150631650405900e+00
1.456234669863518016e+00
1.350378289415803179e+00
1.885081599512188621e-01
1.149193499265116269e+00
1.263261031721977679e+00
8.860197776312274121e-01
8.506045718034681569e-01
1.172018174207164476e+00
1.679410625533156010e+00
8.667790158938046829e-01
1.425648508493407185e+00
4.614247340191173219e-01
1.299924261227311861e+00
2.147853886183696825e-01
1.828570227492045230e+00
1.398972075261864179e+00
1.877563079357300081e-07
2.038735687783372441e+00
1.236467259567236528e+07
7.446176551636943808e-01
3.893016471805181438e-07
2.042552595918536440e+00
3.381764500614575809e+04
1.499170924688207340e-01
1.247624916400082556e-06
1.959809242087835468e+00
2.237075330341569952e+03
2.639478561690101338e-03
2.557313253962217003e-07
2.188276518502229262e+00
7.001570052807796856e+03
1.795644374325767431e-06
1.769761918386953514e+00
1.507421887718488506e+03
9.201415090745664216e+00
1.055512291231772037e+00
