2.931497297780937261e-01
-3.874436290347290424e+01
1.310475861981510661e+02
2.875654297771993129e+02
9.947763930810551436e-01
1.431376627579769911e+00
1.568204320037857924e+00
4.117864944884021550e-01
3.431371149988292346e-02
1.898271184980708570e+00
1.211018464836764563e+00
1.759919282709233590e+00
9.859346860578092064e-01
8.040941808557807713e-01
1.235853281548155547e+00
3.255430310830586538e-01
1.041213300946992382e+00
1.259520889035164348e+00
1.035442452889675735e+00
1.707885289566032916e-01
1.865455408668484472e+00
9.217097910084573285e-08
1.987446976177798419e+00
6.029671551051447168e+06
6.869171695723127469e-01
6.065109435786752564e-07
1.562905001050593823e+00
9.989962180743110366e+04
2.544279869065563249e-02
2.941353146615874679e-06
2.147189578170167756e+00
6.839545473219967562e+02
1.484295574611878554e-01
2.399220368622275744e-07
1.954882841272401972e+00
3.227151175015473855e+05
4.400235578573420891e-06
1.591287151377207332e+00
2.186027168660295501e+03
1.480294117507903277e-07
2.130154816907284587e+00
3.763803106965958723e+05
8.377259461815151909e+00
7.158967347758642130e-02
