6.868021329837462607e-01
-3.252265758135678198e+00
5.400208199715150670e+01
3.000591369420955061e+02
7.933160916932245899e-01
2.326229856959639020e-01
8.181747232083872445e-01
1.606488279362319416e+00
1.307148626915417777e+00
1.254867129678011839e+00
3.652117266983643251e-01
6.976750952759601665e-01
7.435937224057433959e-01
1.352541700322247298e+00
1.405933617079032638e+00
1.544505475953403817e+00
1.479533723055429739e+00
1.755009231067663267e+00
9.299248633362706962e-02
1.946735363892517556e+00
7.199634588173330352e-01
2.123382608674536100e-07
2.019737279268597696e+00
1.502784090472843498e+07
5.072599765780079206e-01
7.024069972361476110e-07
1.724662247489179956e+00
1.347672513091793808e+05
1.140323929856009583e-01
4.173019671935429728e-06
1.508960534408800402e+00
2.292890982836769581e+03
1.295013662178016445e-01
9.946753565909455578e-08
2.289369652508998598e+00
3.816773190190876485e+05
5.239417080854719232e-06
2.172376411126001550e+00
8.976731860581654701e+02
3.698543521709408084e-08
2.390762775312724742e+00
4.482001508740116842e+05
1.189095874581232337e+01
8.188390017472680915e-01
