5.117234140171155188e-01
-4.385707028237618488e+01
1.036135167825229217e+02
2.794354318562853905e+02
7.323290396652923917e-01
1.091417626261285134e+00
3.978246297922942709e-01
9.434692432407294493e-01
9.939813242031311225e-01
1.017878167219216534e+00
1.378744985814977397e+00
6.074678544259774077e-02
1.811500852747825574e+00
1.531453602273022074e+00
5.949376434874970032e-01
9.910503071186784751e-01
1.220078586368166684e+00
1.250507448185779857e+00
1.302481079646386153e+00
1.744685486897211257e+00
1.964684638088542767e+00
1.983222012909971717e-07
1.515722623754438558e+00
3.669365234392732847e+06
4.965927501917168918e-01
4.245212886791333941e-07
2.489843136882830876e+00
1.135371355706627655e+05
1.510277780804917536e-01
5.441055271838798454e-06
1.483663118324886954e+00
1.555674537724393076e+03
1.362415189573886465e-01
1.368120839619698434e-07
1.733117567730226627e+00
1.773382831464722694e+05
1.402724585523152389e-06
2.448230157349355007e+00
5.971473613692576237e+02
2.277428957748522864e-07
1.737555540145969690e+00
2.423186250536472071e+05
2.348377031168528362e+01
1.192367906391020999e-01
