7.442094048176419729e-01
-1.385551424313763391e+01
4.099097557375076306e+00
3.061036479061238538e+02
1.385618420448315069e+00
1.877019505111151565e-01
1.898609045027356723e+00
7.283479938820313082e-01
1.749882341027913180e+00
1.563177814279422331e-02
4.830783946163368925e-01
1.014759559375241871e+00
5.637022414216358301e-01
7.381297525815758709e-01
1.055119986713741520e+00
5.543829155396756692e-01
7.933231858684520743e-01
1.255257883564885546e+00
1.261516176687710322e+00
1.515219905342431173e-01
1.826325871007395962e-01
1.231594155780055369e-07
1.431548081143968920e+00
1.030112397788994201e+07
3.396928056480450486e-01
2.358444434682139487e-07
1.491190399872058148e+00
1.560824602314252115e+05
1.320774831335326353e-02
1.301803223344156384e-06
2.426566410740772284e+00
1.880889327868590954e+03
1.395530253049521163e-01
2.746904058351735001e-07
2.009866239023924805e+00
4.171977749609899474e+05
1.130187018038573371e-06
2.405050268153707371e+00
2.173468668963636901e+03
1.103481079006186505e+01
6.471505620011703819e-01
