8.759459552367305779e-01
2.671666808093621626e+01
1.904654264005323512e+02
3.146930403710203450e+02
1.330696905810253794e+00
1.643145469652980695e-01
1.750376539812451782e+00
5.427602887158331502e-01
8.489642097119293185e-01
6.311646115816726965e-01
1.352026227305078709e+00
1.375161128937562705e+00
1.977277061563246230e+00
1.409241739772199686e+00
6.315783782243264977e-01
1.532850497425814806e+00
5.464989282275060090e-01
7.758799134237103212e-01
1.572029354264141920e+00
7.421604848744878247e-01
1.425436220440973734e-01
1.436573346199523819e-07
1.655540792587597565e+00
9.977193144038850442e+06
7.251895962208344537e-01
5.282335314706793308e-07
1.763804935396272366e+00
6.488106437025651394e+04
1.579445509167777262e-01
5.573954581644019274e-06
1.975411409399068230e+00
1.545356593872998019e+03
1.192718161140625954e-01
2.456566443114779365e-07
2.363432319781060720e+00
5.276899265553784790e+05
5.481728531508449119e-06
1.834954552299474795e+00
1.387057516393517517e+03
2.306198346413293183e-07
1.488027486173961522e+00
4.573166766345947981e+05
2.052185043061573566e+01
9.017063928806243744e-01
