6.581211780843496673e-01
-7.660499982346860293e+01
1.849413075913906539e+02
2.412805667912019771e+02
1.451907928913898360e-01
7.974426329360542187e-01
1.017978296924985315e+00
1.261802568474355457e+00
2.693398470673705747e-01
2.209934096959725036e-01
4.188024085735577717e-01
1.864552871305396042e+00
1.437115207789021243e+00
1.108765357217869729e+00
8.525270207627521080e-01
1.346932823608868901e+00
6.703469452468630019e-01
1.115505057213231677e+00
1.460611373128670731e+00
1.813303554990880195e-01
5.338658618146835400e-01
3.337533259299954026e-08
2.186520931356099595e+00
5.048411995965640992e+06
3.356186072608986493e-01
6.664440853111443440e-07
2.205573890674626281e+00
6.281644555887567549e+03
1.223997491496351675e-01
2.576181757082894666e-06
1.610532067929826727e+00
1.581974732121264424e+03
5.062356969266930407e-02
2.857933604503919613e-07
2.239352565454581612e+00
2.479045238376768248e+04
1.570724717782632857e-06
2.089692025228638617e+00
2.163238758415468965e+03
1.684237532539458115e+01
1.185876456865475825e+00
