5.845388190433959963e-01
8.412954037118785777e+01
1.303887782948173992e+02
2.563683566832567067e+02
9.374682057271491731e-01
1.948836293790231045e+00
1.210961913052248873e+00
1.974891337630241051e+00
4.738271443852150600e-01
1.356077177044426207e+00
6.506439215128690945e-01
9.038876026042886869e-01
1.875257192758153391e+00
1.480548879886600222e+00
9.820415288050796665e-01
1.784064785063950831e+00
1.916656648422988329e+00
1.861936074958310261e-01
3.973892486881276387e-01
9.840612674330797560e-01
1.990651536607056737e+00
6.401951303148026450e-08
1.537873501997714332e+00
6.432981252225130796e+06
7.591453592959231944e-01
5.286698901708421579e-07
1.409434983343738068e+00
1.288101944694793201e+05
8.605093146577312210e-03
3.760917392305283644e-06
1.906068144328745051e+00
1.437783945103383076e+03
2.242339941602673054e-02
3.169644028344806942e-07
2.201820919385202746e+00
4.742415026121701230e+05
3.570092415321511724e-06
1.801982158562018599e+00
1.324037681663842704e+03
2.001366937458685413e+01
8.748855907832243928e-02
