5.391448631798595459e-01
9.948036946594186247e+00
8.895428735138311538e+01
3.086190363090822188e+02
1.268296411985417649e+00
6.794228028416653409e-01
1.696056732764568420e-01
3.538896686088723875e-01
1.531907207829173556e+00
7.239164950339459503e-01
6.101685027525708405e-01
3.149451408632401028e-01
1.562837664679629146e+00
8.516059391241683763e-01
1.007977518654679799e-01
1.834662227132912049e+00
1.897817276766588235e-01
1.102148007567344434e+00
5.645007006759895640e-01
1.165894119465355150e+00
1.709736645975327818e+00
6.469936027157735606e-08
2.171437148122672856e+00
1.201152933175815269e+07
1.876850404065948663e-01
2.992001931537071426e-07
2.351403918982992280e+00
1.183711267791480350e+05
8.101063165894395457e-02
5.873261955305730093e-06
2.410611169713057222e+00
2.954281214919004697e+02
1.562980540601073276e-01
2.921417954231065301e-07
1.710716139372091327e+00
1.590226045491005934e+05
4.042428739294054052e-06
1.958404294427348091e+00
4.179450024553580647e+02
1.869475893160318627e-07
2.159564277243960717e+00
1.373505809984703665e+05
1.104705504950023531e+01
7.767994673652316440e-01
