3.970883916910489253e-01
5.309123216041386684e+01
3.301962190756460700e+02
2.626863842201059356e+02
4.299824173200579858e-01
7.129645834688547179e-01
3.374588650178875771e-01
6.482992386874256718e-01
1.951170354233083382e+00
7.138353363405224306e-01
1.170052779696704848e+00
1.154200079477822660e+00
1.785750269377898380e+00
1.512658490714042514e-01
1.100414859962767444e+00
1.888121378374104209e+00
1.085693970110501283e+00
1.343901719676391826e+00
1.416357738421211820e+00
1.053172564807897116e-01
9.710290583014127286e-01
1.232971613549547389e-07
1.492278392835955314e+00
1.352166892313974537e+07
9.362836424882553521e-01
4.870023371259394663e-07
1.788292426251253175e+00
8.214313077060111391e+04
9.418573841866662716e-03
2.541402272381012905e-06
1.873897776417860150e+00
7.121654053414786176e+02
1.747886759693277892e-01
2.872460454382921506e-07
1.718016991732147947e+00
4.833233903294958291e+05
1.465889831893965853e-06
1.500940154128536985e+00
5.794207539981753143e+02
3.217570518317922440e-08
2.371862229852103265e+00
7.703702406773093389e+04
9.577614377059960660e+00
3.758943191632621583e-01
