6.100232794129871738e-01
3.941242864274457247e+00
2.756337768402356119e+02
3.052601840227496837e+02
9.487423928574172383e-01
1.044887791062147908e-01
1.255634248180717449e+00
1.658475716842182646e+00
1.844709422078369965e-01
7.772678021911645363e-01
1.624903546259143017e+00
1.179012561063764286e+00
7.429416995155114778e-01
3.398728688673111065e-01
8.773761010837871632e-01
7.196146531499005849e-01
1.670751096849269812e+00
9.829144601743112775e-01
4.765352524644939081e-03
8.263326141243092504e-01
5.598877273893153594e-01
1.979143959088940776e-07
1.534513055986754360e+00
1.538057624934142269e+07
2.205863792521412792e-01
2.711293285911669693e-07
1.835064618128665170e+00
4.877613270768139773e+04
1.015822497318489975e-01
2.814284302683567778e-06
1.958932425266954436e+00
1.232259498279675427e+03
1.224687035208270602e-01
2.194849737681629213e-07
2.106589329914574815e+00
3.506490162790959002e+05
4.909934493520251732e-06
2.157136772861914853e+00
7.035346123230566491e+02
4.475681663417346431e-08
1.777833783728788530e+00
1.079281834638415748e+05
2.081382373746214398e+01
1.094534134500284583e+00
