7.963613497336802238e-01
3.696705824259412054e+01
3.553206064447441577e+02
2.856107686799567773e+02
1.660048012366608594e+00
5.369275619108337949e-01
3.530407446672251259e-01
5.330332725550478434e-01
1.046895226301328030e+00
8.170597060146047586e-01
1.048390160966982537e-02
1.001140684097171274e+00
1.878427104318857399e+00
1.607567073359117193e+00
1.333133273861056400e+00
5.699879214737355593e-01
7.298882379873883330e-01
9.411424770609344570e-01
1.189165419323401141e+00
1.460178680148223496e+00
1.473234990824734636e+00
2.413152921497039821e-07
1.904747224866676136e+00
2.816616686814085580e+06
3.389142675157260642e-01
3.838972318110835494e-07
1.736092627816577139e+00
2.691143340929062833e+04
1.133626422390556776e-01
2.826680561997838350e-06
1.795158267247817241e+00
1.900442653190656074e+03
1.404991300544418675e-01
3.084314707645074819e-07
2.050346734912127822e+00
2.440530807167637395e+05
5.699629430785232425e-06
2.141155251690393335e+00
7.509702675614457803e+02
1.899181194844757426e-07
2.144514703008740586e+00
3.256764153203840251e+05
6.967787539889020998e+00
4.765926174135687310e-01
