6.629761573384463924e-01
-6.671476737406936763e+01
6.740694433421377596e+01
2.531365011182790568e+02
1.877932400721314329e-02
3.123946017173067080e-01
6.018679715203399949e-01
1.070419310521221856e+00
5.064642939848981174e-01
1.667174108980455705e+00
2.504446576798161073e-01
1.881503912291002445e+00
1.477157473169254276e+00
1.703827328137864416e+00
1.311494311274093105e+00
1.757478334146354682e+00
1.171134398447720493e+00
3.517647272356593802e-01
1.899973064132615796e+00
1.254731740646576776e+00
3.859415014316207593e-01
9.217502678682996625e-08
1.896348480916565160e+00
5.739152796307304874e+06
5.993358378179737267e-01
5.826878906929813256e-07
2.455833800934219102e+00
1.519795065725757559e+04
1.009470472640394689e-01
1.208408011196032955e-06
2.142904996883920443e+00
1.471163102670702983e+03
1.138700975475120947e-01
3.005277382257884959e-07
1.579416387566696001e+00
3.531192240278696408e+05
4.510972155047392753e-06
2.377832513409430693e+00
2.994534144561968105e+02
1.840244348708538524e+01
1.774862114817781888e+00
