8.250482396108286265e-01
5.944024328618652930e+01
1.627997491265048779e+02
2.859626609367044239e+02
1.282124830954251893e+00
1.373956433378424435e+00
1.709734041209624023e+00
7.808988774407216171e-01
1.739054185330997648e-01
2.548374574667875304e-03
1.447857727044075782e+00
9.983634708496678112e-01
1.823927986164982196e+00
6.330789659641152811e-01
1.401950034213538476e+00
1.582071963279945370e+00
9.215058623807677318e-03
2.610621407180262477e-01
1.143709767672590694e+00
1.059448394671066884e+00
1.316852755818116207e-02
1.758864842562417863e-07
2.229723509350133526e+00
5.634990054555760697e+06
2.540040309801479546e-01
2.977962442846315123e-07
1.424229906531487178e+00
1.327869099684607354e+05
8.485808817114673386e-02
3.883817161083347913e-06
1.651673265368693411e+00
4.061516251223936536e+01
2.502231727775379444e-02
2.429080055658522725e-07
2.378764468009337829e+00
1.021379323826252366e+05
2.446263304869966004e-06
2.150559716925673825e+00
1.209408061453447090e+03
1.413716477169615970e+01
1.438162859366703517e+00
