2.504039803159506805e-01
-6.274152348354916597e+01
3.484590439066014369e+02
2.662267975016314949e+02
1.397621527757087589e+00
9.403165232217360059e-02
1.098943079673188272e+00
1.812789571003963651e+00
4.933548763212823596e-02
9.069766234613914069e-01
1.937395493413290870e+00
1.769210715101588116e+00
9.982147381642284545e-01
1.749279412658163446e+00
1.809572081676710464e+00
1.356257052900548432e+00
1.352324515219674561e+00
1.695979595603898771e+00
8.715785456299042222e-01
8.857071084933236804e-01
7.566843335374963120e-01
1.526891286884742420e-07
1.821797688925469005e+00
2.791810353651090059e+06
9.038114261319463161e-01
2.367356816584104002e-07
1.516176873259375890e+00
7.579535638137333444e+04
1.518512739788500654e-01
2.513084481609747735e-06
2.282961781877176133e+00
4.085919837015331382e+02
5.302826820392461671e-02
1.960913901010174312e-07
2.207279430273326071e+00
5.116210856443076627e+05
4.897484555674060452e-06
2.047760591062131486e+00
9.312740726491200576e+02
1.155551607262519148e-07
1.579917920398673292e+00
1.539246326529873186e+05
1.025069647424966846e+01
4.863280203008938374e-01
