5.927524798876583345e-01
1.536888965998198842e+01
2.544916041149100181e+02
2.962231152668445588e+02
3.717000535172829134e-01
1.657667610181977613e+00
4.672590226176050465e-01
1.149775643643790479e+00
6.607367637347305589e-01
6.462001953324240100e-01
7.732752744142562529e-01
9.830852800484783938e-01
3.378872405238976806e-01
1.291897720037593622e+00
1.238126765753107872e+00
1.693148630208861416e+00
2.904840796443708406e-01
1.703041704377017407e+00
8.809065433274306800e-01
1.964045142469128709e-03
9.288225189392945724e-02
1.186951347865728222e-07
1.838183433605979689e+00
7.637995494266124442e+06
7.146100882329378123e-01
4.298869110969025392e-07
2.224854604351870879e+00
3.026306020807837194e+04
1.145164423189794223e-01
5.789500705424309850e-06
1.783757664543144106e+00
1.764205709622652648e+03
1.162825364794644045e-01
1.314030122991104345e-07
1.769275983511298556e+00
1.059045425005739526e+05
5.083349328241585971e-06
2.388846344988790005e+00
1.185545423458741197e+03
3.580623377989889724e-08
2.365804439836938222e+00
4.698608175669304328e+05
2.079821331904395620e+01
1.979399470510197379e+00
