4.265251422477528420e-01
5.666687515388687757e+00
3.630508633861063004e+02
3.017191041628915400e+02
3.851142182702249062e-01
1.151396627231930259e+00
1.886445801023309610e+00
9.193416963744030501e-02
5.135912641201276774e-01
3.613075995644251526e-01
2.183068692733695915e-01
8.908963300545593711e-01
9.486816018056329902e-01
1.793928618396193997e+00
9.092923793445436553e-01
1.323474492184620877e+00
9.421280360151683686e-01
6.580993047966364751e-01
4.414833262811362902e-01
1.577429831763322410e+00
8.879129744063637975e-02
2.165257498132117212e-07
1.956530138429382282e+00
1.151082428908079118e+07
3.702620896249463889e-01
3.746225441653496383e-07
2.136432133787711685e+00
7.676486981265907525e+04
8.684099385418622696e-02
3.448765279328748586e-06
1.811867117072196276e+00
7.488589467930689807e+02
2.061420449127212076e-02
8.406473357364168445e-08
1.783906158542083009e+00
1.866079886966788326e+05
2.399244157975530625e-06
1.870252789484995182e+00
1.903129656719901504e+03
1.335549453755471113e-07
2.485675358465421425e+00
3.057357342006349936e+05
9.836684804842539265e+00
2.141715924522343273e-01
