5.229225555621807020e-01
5.181208917204983777e+00
2.620281719177978630e+02
3.001525449329904518e+02
3.771842259361603000e-01
1.468578497351185064e+00
2.936362664956881918e-01
1.679226999299482603e+00
8.369861711460877540e-01
1.341861746506161746e+00
8.791526715860689123e-01
5.991686610763700127e-01
1.857826683531409895e+00
1.464947539031627333e+00
9.361675152679784784e-01
1.098833053805722715e+00
1.298370558442304423e-01
9.203586559620879903e-01
4.857865756747697938e-02
8.832028794354246370e-01
1.769986979951024164e+00
1.598231416745765592e-07
2.320543672812743985e+00
1.417948426295548864e+07
8.063071400156983648e-01
2.525780371070304765e-07
1.748266261617992257e+00
3.915638845434158429e+04
1.234284476543815595e-02
1.284139775474035306e-06
2.322566012302816674e+00
2.186236125086643369e+03
5.003473946851575566e-02
2.852511589382534807e-07
2.112515183044374911e+00
3.479034341272957390e+05
4.204281480622322174e-06
1.479346740439266172e+00
5.697736488869505820e+02
2.418879056891131053e-07
1.784190177891995965e+00
2.033973470430322632e+05
2.394329926784004670e+01
3.249141568879660991e-01
