8.917614996957285989e-01
6.165832416419692663e+01
3.589506026170253108e+02
2.663252773054504132e+02
1.796840557456408805e+00
1.243036605201791378e+00
2.007064429687238985e-02
4.054772469826696812e-01
1.257713040809036231e+00
1.956175843354269528e+00
1.724623527015399116e+00
3.672610904895167727e-01
5.414084512567308716e-01
1.441898821740215109e+00
5.771187717627541680e-01
1.490421673681194603e+00
1.203707335059702066e+00
1.491798278387366450e+00
8.843752675431242327e-01
1.923840627004026027e+00
1.555335770832168563e-01
1.226535811340474073e-07
1.578315808277512833e+00
4.896784853436655365e+06
6.124222701157080451e-01
7.192884386677825933e-07
2.005456377232912146e+00
1.218891424461563875e+05
7.764012556918227503e-02
3.047368900424548249e-06
1.469206463324254308e+00
7.300876295176510666e+01
1.299932938332633570e-01
2.104251407052513165e-07
1.527187421887511887e+00
5.068106396311708377e+05
3.425498420700250026e-06
2.469734340560914454e+00
4.855374608081286851e+02
1.965709339455863613e+01
1.365257580379818370e+00
