1.157599176123771112e-01
-3.306879742135054556e+01
2.700253980913378768e+02
2.738113894612020545e+02
3.158667457593877237e-01
8.228925425702576790e-01
1.305275489210953710e+00
1.682579898852232470e+00
2.882568836492640507e-01
2.259335679596879420e-01
5.660330485830548097e-01
1.670364386769127130e+00
5.972263375980209066e-01
7.318139876400135968e-01
1.543192979821450816e-01
8.471933990880403664e-01
1.547424866515833219e+00
1.192417759151776613e+00
8.686741781641398319e-01
1.887304014247211059e+00
9.481144940294269352e-01
1.789624616363265825e-07
2.397360793049116090e+00
4.612469586786041968e+06
3.983980136336121580e-01
6.478290406552964085e-07
1.406713672840608886e+00
1.325079047656952462e+05
3.968178666198671906e-02
1.694815390796840936e-06
2.221856087358392351e+00
1.183154497710543410e+03
3.186124198563972110e-02
3.123836554353293729e-07
1.430384963080447713e+00
1.802010003740570028e+04
5.927583619426539305e-06
1.417612355253502487e+00
7.971708216803791629e+02
1.844203776878282847e-07
2.048489595673997687e+00
6.210597281257188297e+04
8.294426629003535112e+00
8.324454788924766646e-01
