9.827098378338122719e-01
-4.679409117543682584e+01
3.506296646316500869e+02
2.945350564542964662e+02
1.901240669843078379e+00
1.834408509370501206e-01
1.901888396701370665e+00
9.095906389608710008e-01
7.366838591940387815e-01
1.809211798167209340e+00
1.988145055034722830e+00
4.114310394408959848e-03
4.217933106709914060e-01
8.870796989306989344e-01
1.846357764531982415e+00
1.241789501591918254e+00
1.408975468640966400e-01
2.930533095236547703e-01
1.371410603298696795e+00
8.721029460348426188e-01
7.026693685701375092e-01
1.294003668369864333e-07
2.459122109858399519e+00
1.536702390580004081e+07
9.010102231860981359e-01
3.286393368483882365e-07
1.602191439767046921e+00
1.163033782435373869e+05
1.702718799365911806e-01
4.109203616750351724e-06
2.410747345855422274e+00
1.047718040324205731e+03
1.971894489373104964e-02
8.756228594320010669e-08
1.508472394573271425e+00
2.239685882248663111e+05
3.698524853524322377e-06
2.355415763343935431e+00
8.628520115388827207e+02
7.117579195037841977e+00
1.064532661828111237e+00
