5.406726942439558092e-01
-5.460091671086423304e+01
3.384678906321687464e+02
2.811447514835173820e+02
3.118626551013131132e-01
2.842721976169733655e-01
4.344027138348530159e-01
4.858859240400583146e-01
1.772661160267779756e+00
4.068405076087413530e-01
1.610627081091880575e+00
5.076492552329872066e-01
1.352536020676369910e+00
2.443352615316813758e-03
1.367419303722444690e+00
1.462826432839999580e+00
1.932236887936251479e+00
1.370754038684085740e+00
3.025629129098540981e-01
1.806764818677162987e+00
1.546808034527344500e+00
6.077086246692787604e-08
2.386935619174246348e+00
3.585141289530519862e+05
6.574667538705981640e-01
6.007157267875933657e-07
1.750071350141998661e+00
4.320954472473919304e+04
1.731473994028142338e-01
2.418129406783583328e-06
1.415699069332207571e+00
1.190179401656900154e+03
1.315468988048917043e-01
1.794934186751650774e-07
1.986076805263277123e+00
2.000893939613193797e+05
3.361263273744038378e-06
1.860335279891679683e+00
6.448914708425446634e+02
1.124484710244123775e+00
4.567234647797668301e-01
