7.859860827658161631e-01
1.208252069747508983e+01
1.850481786698144901e+02
2.953923920967848176e+02
1.912068400559506776e+00
6.203310871612019994e-01
1.325991926768678386e+00
6.237290724795244712e-01
9.941811885893704348e-01
1.814863953599828550e+00
1.747309459540377974e+00
3.105578315782462490e-02
1.565264173498950973e+00
3.356521302442130317e-01
8.604305558551722521e-01
7.929599542334924145e-01
1.431429355416845794e+00
1.518737353014591562e+00
1.274139642842090803e+00
2.063265119755326171e-01
9.311790006017275356e-01
2.481890040927935060e-07
2.304706609915087689e+00
4.804226486004345119e+06
4.073311942331986346e-02
4.937196987464458984e-07
1.694609512159601650e+00
5.088053918458736007e+04
1.113265654455104781e-01
5.274689691382646773e-06
1.935640421251464183e+00
1.243823800044465315e+03
8.942522781031690682e-02
1.259595990536295193e-07
2.201707717294010713e+00
6.577760506692264244e+03
4.226976396090625609e-06
1.740923895386315756e+00
1.671127312797181958e+03
2.038709106840858351e-07
1.808374571187005841e+00
3.323821129598455736e+05
3.635261934157903774e+00
1.210800282574932440e+00
