6.732319083085964717e-01
-3.235537304623841948e+01
1.198124936051175382e+02
2.823282425568360736e+02
1.011842876828471294e+00
9.007507226882062179e-01
4.416465808489196399e-02
9.828113601459681492e-01
2.954543101252283047e-02
6.158138802234437437e-01
1.661525761416149827e+00
1.833138373764654716e+00
1.169453513194957717e+00
5.293071634429272754e-01
3.213060713761167753e-01
8.314183954632509144e-01
9.850898838860986384e-01
4.492481816191891131e-01
1.758735729754488109e+00
1.701780028920943266e+00
4.434891807678046916e-01
2.190221755420512042e-07
1.437577541178491014e+00
8.962879823404779658e+06
3.739014818214456692e-01
4.468994212636540684e-07
1.499080237588582554e+00
8.158296743331516154e+03
1.457516435070288496e-01
2.089686037544447940e-06
2.382406815521996180e+00
1.285458032513318813e+03
1.716766168325822572e-01
1.194236939568317595e-07
1.760384335157492597e+00
5.639963954680326860e+05
4.085582728034854059e-06
1.855743955001940115e+00
7.071059043955187917e+02
2.314742888558532448e-07
1.533587295084151148e+00
2.670946658986544935e+05
1.260894419126198152e+01
8.312438081353076824e-02
