9.438669741831405835e-01
-7.034152138946726041e+01
2.119714571474462730e+02
2.249883125209579191e+02
6.866141044939958471e-01
1.516917340915334700e+00
5.491985853202643320e-01
3.801977700924528275e-02
5.893568078963293821e-01
9.341824521450640129e-01
3.063599343575156841e-01
1.642486644041498689e-01
2.499996081768348366e-01
7.541859426616638329e-01
1.252931423809227507e+00
6.852048950519454840e-01
1.775635789030822753e+00
9.559000881510685277e-01
1.670513770441822476e+00
3.183521910474543248e-01
1.810461929972837725e+00
8.817124992313094889e-08
1.448138638474806728e+00
1.582638067243821174e+07
1.649752890117480442e-01
4.907753098285601462e-07
2.351670806473618036e+00
1.053524993014666834e+05
1.425327043323506016e-01
2.981874992653773178e-06
1.494875803213651322e+00
7.524595286806786589e+02
5.761900039508696669e-02
8.676140998153082723e-08
2.342968435445918818e+00
8.146695057085549342e+04
4.866927108743816494e-06
1.845761216242132186e+00
1.794071305621993815e+03
1.030533564272514013e+01
5.708300010892457532e-01
