9.131149183719612372e-01
1.988334139252641819e+01
1.538899562009396504e+02
2.973982977557905656e+02
1.753191358207674133e+00
5.173130874392417589e-01
1.648222179958225064e+00
1.009760071199852005e+00
1.858477620342459113e+00
7.232730779917426744e-01
2.493298900198387125e-01
9.818214097206786617e-01
1.702251994990746864e+00
7.117344064922612734e-01
1.911362870079815091e+00
9.820034417625765899e-01
1.440344469928907856e+00
2.654888015860312755e-01
2.306567639761590849e-01
7.872084847532724305e-01
1.211959672236441049e-01
1.005441226861473598e-07
1.555222976909210963e+00
7.925074490475290455e+06
5.132442727554012984e-01
2.341799264028976993e-07
2.089737381492718704e+00
1.160213963244542101e+05
1.379917408216157215e-01
3.273105507111754793e-06
1.631096899010522794e+00
1.214459811211774422e+03
1.342609389140100029e-01
1.965702227260545440e-07
2.329244057589145989e+00
1.989590082052608195e+05
3.031361400331667666e-06
1.915544025511576542e+00
1.566428168901518120e+03
1.352811238866044224e-07
2.139333956323765662e+00
2.532085632340377197e+05
1.396003307349161560e+01
1.224428772968653156e+00
