7.532038587667263529e-01
2.568983546936948414e+01
1.282577191124836702e+02
2.958737959588608533e+02
1.360791317792207633e-01
9.769674118858920897e-01
9.928025523426274868e-01
5.092036452759869831e-03
6.102993622196680734e-01
1.024966537230981967e+00
6.235304027777009983e-01
5.230987579444259516e-01
1.456203535228832724e+00
3.547570898160551378e-01
1.556650853816724966e+00
1.263393638378704109e+00
7.764927833679916569e-01
9.658471842445713884e-01
6.215326351238095182e-01
1.436154200457992802e+00
1.750668271808246024e+00
1.825394888588931962e-07
1.533617320381939209e+00
8.349238565958241932e+06
5.312906037980859031e-01
6.823177770795501786e-07
1.979161214566694360e+00
9.623214938731887378e+04
1.624891150295489431e-02
4.960137609055859818e-06
2.364840092284151041e+00
2.003096076214538925e+03
1.951598681832323601e-01
2.059212214475893774e-07
2.321619966175559213e+00
2.138362751625884557e+05
4.330302675035251321e-06
1.541267864818445243e+00
6.586637467783917828e+02
2.468648387085743496e-07
2.131796532088587881e+00
1.883018843698170967e+05
1.245458231321115505e+01
2.687531010948192023e-01
