3.314728280835286256e-01
6.435319301772958056e+01
2.872242390588902481e+02
2.571622427418575967e+02
3.979589296870791881e-01
5.055294538398178439e-01
4.640321723520246522e-01
9.580508071509503676e-01
2.882536638695833431e-01
9.716200150787345224e-01
1.904887927711500784e-01
1.730995987280112169e+00
1.664657468910895277e+00
2.194291735671381749e-01
9.119240219498645494e-01
1.580783985234309186e-01
1.298338653160317824e+00
9.269610011999782628e-01
1.217632517594312347e+00
1.708469283580517639e-01
1.107403667775867184e+00
1.824990206293352012e-07
2.003422084204627751e+00
2.706702330298073590e+06
5.448167621001877015e-01
2.348740854168128762e-07
2.243916410692103014e+00
5.313028304690231016e+04
9.774034426979727463e-02
1.896731401429291827e-06
1.578453294849390343e+00
1.740328830798407125e+03
1.168238852729063526e-01
1.686640202919493346e-07
1.993891654119393397e+00
3.195180186598042565e+04
3.212695340284615986e-06
1.687011963965345140e+00
1.747620041010323348e+03
1.472381125589697149e-07
1.489368285753858823e+00
1.980148830265126599e+05
1.593638182693577221e+01
1.679672858190709217e+00
