6.703788714205802801e-01
-4.013392582376107498e+01
1.761456656618686338e+02
2.806897110927222911e+02
1.309620801832966031e+00
6.748543065170309330e-02
7.416894689883491987e-01
1.411506921186794550e+00
9.848525598578798945e-01
4.051621253142019818e-01
7.583302365771364961e-01
5.842205994612932329e-01
1.774249366370680203e+00
1.723688334328416172e+00
4.272873126693435553e-01
4.201218795635088266e-01
1.915627099851692883e+00
3.263829793959328041e-01
4.497275720180908265e-01
4.310624791353301899e-01
1.547452226351307303e+00
1.405140303655844888e-07
1.700164631436997809e+00
1.700403774478369625e+06
6.307154096705278601e-01
5.308327454024255129e-07
2.228563523169758920e+00
1.114976052418169857e+05
7.703862790415656747e-02
5.921708904654226748e-06
1.507355474672871232e+00
7.791922190240327382e+02
3.808726633313026105e-02
2.573584129551117371e-07
1.980501178290243969e+00
1.770126979507939250e+05
3.934410248007770558e-06
2.212604379059285087e+00
9.483473160790631482e+02
2.194584408659409291e+00
1.481275542426385705e+00
