8.642003997035706542e-01
-3.246333985235581565e+01
1.501369289238840281e+02
2.922319260273121699e+02
7.803290939807624449e-01
8.956210710504398653e-01
1.810184980087963691e+00
1.197622189414649707e+00
1.013773314906649681e+00
3.280772325984729343e-02
6.328506728488977329e-01
1.699623833295039965e+00
1.280534090418574966e-01
1.844463371432643939e+00
1.795983255563406988e+00
1.263594053322023491e-03
3.276648892048494854e-01
4.097318252141176065e-01
9.210420840220223671e-01
9.341194614231429494e-01
9.235361546831574175e-01
7.961937888792699766e-08
2.428038672895301620e+00
1.812889061175154522e+06
8.182692778529143673e-01
6.349966490215853399e-07
1.824125494357998090e+00
1.181231234502826119e+05
1.453319834988117953e-01
2.311119623363377896e-06
1.995470997255208490e+00
1.634180820346770815e+03
6.783698247253322489e-02
1.106428330755190983e-07
1.716425155097820898e+00
3.990407992302295170e+05
2.928280185289813166e-06
1.587769828895178481e+00
1.555787571574254571e+03
1.724556883469423951e+01
1.652625389249435806e+00
