9.579962257616952970e-01
3.963711458642239904e+01
1.470255296276826229e+01
2.562126414518970137e+02
1.713649335153202502e+00
1.621291002612106125e+00
1.374546196415363353e+00
5.966693029490001132e-01
1.410790519596401893e+00
6.638786798347207085e-01
1.641602516331783779e+00
1.802749914989530300e+00
3.674836026481107520e-01
9.870502354608884366e-01
2.758565525548001829e-01
8.384659166374570649e-01
1.800781844789878017e+00
5.909738580394691132e-01
5.454040943447306944e-01
1.349821563996153051e+00
9.175777419250745748e-01
2.414660776975823625e-07
2.261885011699216630e+00
5.993036860589823686e+06
8.095978630890339200e-01
3.076363105968784180e-07
2.437796454711451677e+00
1.251788035601201263e+05
1.144421009863853950e-01
3.619988418037206965e-06
2.233339296493154880e+00
3.811648095459461842e+02
1.360586400936223406e-01
2.719663717010160980e-07
2.436444639097669285e+00
1.292203340626545687e+05
5.421491548378403433e-06
1.685254319012787994e+00
2.313888427174048047e+03
6.967275056275930467e+00
1.612596330434773462e+00
