7.860760869538065965e-01
-6.835079031912111702e+01
2.889482304858208295e+02
2.704652491100554244e+02
1.849146028321869029e+00
1.511248786003541955e+00
1.909977940277529207e+00
1.277619094775260811e-01
1.566216496053687068e+00
1.878704024828310004e+00
1.353320560132944106e+00
1.669526198667335315e+00
7.343555494179154763e-01
1.099838877663086079e+00
9.047699742972550307e-01
1.737450365188445423e+00
8.233354844805282902e-01
1.337619896580980905e+00
4.156324578800072583e-02
3.382500024045779763e-01
7.365996193283812499e-01
3.612201739616648742e-08
2.285936307028157088e+00
8.043396959144934081e+06
5.219395585306487589e-02
4.006138994839190225e-07
1.703541423438802882e+00
6.909523069002728153e+04
1.670438802699601988e-01
4.672864295981288885e-06
1.552614704648084931e+00
1.290122448398526785e+03
3.759151158543447280e-02
2.604880115863116630e-07
1.417110853997850750e+00
3.346412743498963537e+05
1.460484570094211207e-06
1.764665762083789780e+00
2.371466269509332051e+03
1.536298244944345193e+00
8.367248212093629511e-02
