8.535197483160482657e-01
3.759070795937097387e+01
1.504348845573516940e+02
2.996848912885341747e+02
1.712840348743093433e+00
4.000717417961885403e-02
3.882588296149754870e-01
1.224613235927051180e+00
3.836957972488966306e-01
1.879917989672330147e+00
1.911083960629869072e-01
5.789138624444424286e-01
1.610370547059062130e+00
9.587883378559002301e-01
1.124094580417412725e+00
8.687913686539679992e-01
7.593928526340733010e-01
3.520097913498880238e-01
1.381155780371285724e+00
1.874148673581649938e+00
1.178710008235561935e+00
5.490910016728413431e-08
2.482688446700694218e+00
7.094530067472959869e+06
8.753106432746575738e-01
3.941978586096518396e-07
1.785733690820880515e+00
1.643825915704726067e+05
1.527606247803346140e-01
1.758767292134893109e-06
2.238035399587560370e+00
1.402949635261119056e+03
1.152029448335721296e-01
1.396606925419052530e-07
2.137036860536255301e+00
5.427776095148118911e+05
2.943825449313059115e-06
1.635023705047916387e+00
2.328017369885285461e+03
1.371688740131557933e-07
1.655611366667871120e+00
1.339440646170668970e+03
1.745523864419997295e+01
3.536495122968507099e-01
