9.661435621052004707e-01
5.237580463862589397e+01
1.747629779852117338e+02
2.744078001984767070e+02
1.388762792782920918e+00
3.392567502892783748e-01
4.526791127898492639e-03
1.258146592802258823e+00
2.669745011788594025e-01
5.222066817603310263e-01
1.158858750944701255e+00
1.841980959304235332e+00
1.553373424668872405e+00
7.986051989739090251e-01
1.188083108626451390e+00
1.245487082810594170e+00
3.147053078884680111e-01
1.406044165502537080e+00
1.818152449899038681e+00
1.637976275637107682e+00
3.920687787088542597e-01
2.298329010159527032e-07
1.777889230398268294e+00
1.092249912784346612e+06
3.063918884885680760e-01
2.902461283938524582e-07
1.401212888360063413e+00
1.174723011315939657e+05
4.959757150799162101e-02
2.863465696004939322e-06
2.364928864888159676e+00
2.071535863497430000e+03
1.982809646742766940e-01
2.076995086605766192e-07
1.912729565412171429e+00
5.586403785503837280e+05
1.178902161070945315e-06
1.646802376682560798e+00
1.981390989674612001e+03
1.533776036711763884e-07
1.702913334283273183e+00
1.172227502390151931e+05
2.483339640205940668e+00
3.552494363405651057e-01
