9.765255116747109110e-01
-6.429980243924325123e+01
2.952679758615064998e+02
2.494695611059574674e+02
1.575987643401675742e+00
5.253622788239914465e-01
8.568481812347532589e-01
1.392785470135968762e-01
9.024674769384759543e-01
1.638669285286337152e+00
2.885236013160493718e-01
2.305423251302552434e-01
9.271908356262419382e-01
4.436467116683113221e-01
2.035968548087834784e-01
5.633127443718481953e-01
1.057695390940893265e+00
1.247275588564867199e+00
4.099101383107402879e-02
2.884025203300816936e-02
5.394504390350269851e-01
1.136939003026933581e-07
1.698012099379134998e+00
4.196446613952672109e+06
2.004046467953661537e-01
5.193353802317733739e-07
1.860906864043624598e+00
1.274747504676320532e+05
1.706601929805794671e-01
2.078687252978869415e-06
2.099172043348900729e+00
7.033665600438982892e+02
1.213220249998682027e-01
8.285036329227689494e-08
2.038710529048326947e+00
1.518657221885217004e+05
5.202982275224378354e-06
2.455558328759830822e+00
1.419173794838987760e+03
3.084717256688326530e-08
1.686898728178547913e+00
5.096649222761825076e+05
1.667209014913788323e+01
2.881745625716137238e-01
