1.624828109776203788e-01
7.144603302565883496e+00
2.290772415098729198e+02
2.872591441782774382e+02
1.736706846868374843e+00
1.708271026305845153e+00
1.340161832173990319e+00
1.881532318431292428e+00
1.988086273768196799e+00
9.896065582825425144e-01
1.634237179763539549e+00
2.232885475214139992e-01
1.333052839070249185e+00
1.847891030824149849e+00
7.086452684912838418e-01
1.367874041996026246e+00
1.291132869430487551e+00
7.966582015571962438e-01
5.206373997081343852e-01
1.293864951005348596e+00
1.276475487660170272e+00
1.740248399731988454e-07
1.917028891322086759e+00
1.453781737456099503e+07
1.504877380289726674e-01
3.106878772465594454e-07
1.740624427439175559e+00
8.625604288081981940e+04
9.493054097407276071e-02
2.040076623401576381e-06
1.859663135853594884e+00
2.185432250165900314e+03
7.453204197295388092e-03
2.823874052711074923e-07
2.069696589136196696e+00
1.333116625136953662e+05
3.584852290943064161e-06
2.489808716340891515e+00
7.672856169325239080e+02
1.465607404580733464e+00
3.616408937020341163e-01
