5.037416259927666173e-01
2.968996098173803944e+00
1.967518607053685997e+01
2.996307011922910419e+02
1.153270049057420366e+00
1.367423353898359895e-01
6.367334395432514560e-01
6.638740773606126577e-01
9.894574446243574739e-01
1.123436839338105120e+00
1.873489838517056416e+00
1.642823279019633431e-01
1.356118476506779635e-01
1.008219373292724708e+00
1.347044706536557612e+00
4.505864143599379590e-01
2.954440540591099507e-01
1.611942860154156110e+00
3.591187766349627775e-01
7.947545577598376099e-01
1.311202274790941980e+00
2.451375003430996625e-07
2.063543535850805632e+00
4.125253739457997028e+06
9.220360190930776412e-01
1.904253971928827928e-07
1.900517987708212342e+00
5.396903806685367454e+04
3.798565089190934860e-03
4.120486244285014146e-06
1.465706225740108781e+00
1.857090275588372208e+02
1.404541096557476998e-01
1.875049835368636450e-07
2.030162486208215267e+00
7.249183309540724440e+04
3.447503519748839998e-06
1.715132015182558423e+00
2.495000699589519968e+02
2.625982731137724838e-08
1.577646751016068105e+00
1.405341125340434082e+05
9.094952777509870856e+00
1.720491261346224210e+00
