1.331152448887041873e-01
-4.823909965953464507e+01
8.724762246367626517e+01
2.839113965668137780e+02
2.268107431366622462e-01
4.749363515176172612e-01
1.082836409293595814e+00
1.138295687703952286e+00
3.763602450054578941e-01
1.491166368375468565e+00
1.969738044980698488e+00
1.145859253663029653e+00
1.735227787665538868e+00
1.422484813201901011e+00
2.149558572245871824e-01
6.311018222963390434e-01
1.199949468698582322e+00
3.302867200898929045e-01
3.653422287904555255e-01
1.279279965558514753e+00
1.743511066702024381e+00
6.106728284488222874e-08
2.345822051736897951e+00
5.588316189517821185e+06
9.406506310242505053e-01
4.487906649742113019e-07
2.266759088653354404e+00
1.688187861825304572e+05
1.384607840892988218e-01
5.917543990380380688e-06
1.971496707397877746e+00
1.020199713199445341e+03
1.052725180101209690e-01
1.800667513240808576e-07
1.696951774570616855e+00
8.986952409191419429e+04
1.965718378186079634e-06
1.580216710477718722e+00
1.703457889457536567e+03
2.178446125160745678e-07
1.625176508972775213e+00
3.591043775227073347e+05
2.347513202711693481e+01
6.856119830163798223e-01
