4.104429793644706059e-01
-3.441519531577729651e+01
1.429633100491553250e+02
2.812746591512848227e+02
1.245119621498332219e+00
1.715906963637361171e+00
7.293532674592114740e-01
1.751117796936775550e-01
1.718120667932883094e+00
6.495441871509585186e-01
8.130921612412865818e-01
3.219866700302764784e-01
5.966513021793810045e-01
6.315191773726169799e-01
4.040017648755332980e-01
4.894615367693085917e-01
1.467963937958112419e+00
7.117306620683241380e-01
4.550752616936017403e-01
1.012044910505702555e+00
1.139161430487146687e+00
1.153147977110191912e-07
1.897200437031901998e+00
1.246612202371948957e+07
6.072741735664867191e-01
3.921615637120043986e-07
2.420919761405447623e+00
1.121623030115108668e+04
1.853840096787053859e-01
3.685715002968750867e-06
1.569804045120904767e+00
1.650079993875658602e+03
3.739543930810376032e-02
1.555672432510189160e-07
1.897583193593142203e+00
3.591364097987885471e+05
1.373687460974148358e-06
1.406857347614383968e+00
1.132454384086768187e+03
2.209770367770551671e-07
1.705286325004989223e+00
1.286330496858381521e+05
1.694949909157469392e+01
1.025127217734492557e+00
