4.992379666252717563e-01
-6.966200362880154273e+01
2.515287628870007666e+02
2.381305419735986106e+02
1.528332878984477894e+00
1.781568264259967505e+00
4.555026145567060980e-01
5.548066761354674137e-01
1.724281698857948131e+00
1.390541497216192246e+00
8.716764401935424011e-01
2.334253073339913886e-01
5.728388479060596561e-01
1.604330580536979411e+00
7.288931749152146589e-01
9.162617223500441055e-02
1.701274146237508889e-01
5.946006050933233533e-02
7.878771482607089816e-01
1.506686735063145877e+00
9.973577018558713592e-01
1.141358426295738674e-07
1.862946627487125362e+00
1.035717663698075339e+07
2.047526870963387591e-01
2.240543702607298118e-07
1.437735389454415369e+00
3.978035922992747510e+04
1.308769009863555988e-01
3.915363395578155165e-06
1.776201672614867499e+00
1.656870864120932538e+03
1.550329947717394019e-01
2.992116002825399869e-07
1.634434898565368721e+00
1.659061811646609276e+05
2.743610902251635944e-06
2.282600668649928277e+00
2.275696758233724267e+03
2.088974728839631467e+01
7.365111951461625894e-01
