2.246990356212304474e-01
6.228107466669811743e+01
2.211533276073512297e+02
2.955455772996747328e+02
1.786030343415545119e+00
5.548623223317847852e-01
8.289718760372239981e-01
1.108045779383310059e+00
9.308830700367889954e-02
1.225558071798081183e+00
1.128316258642156067e-01
1.414001430177765917e+00
1.432475450629585367e+00
1.286617833258236754e+00
1.574943294511444103e+00
4.908935278167090299e-01
1.196286474955101209e+00
8.287773907445000754e-01
3.440765077561925289e-01
1.855661625467270648e+00
1.037501477213787160e+00
2.346164433788275780e-07
1.416184150594018476e+00
6.750543659206487238e+06
7.359878165818394269e-01
4.836710774592687071e-07
1.937794336490857861e+00
1.950944617348790780e+04
1.509504820059300867e-01
2.891886723320039555e-06
1.781039529013932921e+00
2.323137450198740680e+03
1.605460133126031808e-01
1.060953601681823162e-07
1.713266281629700849e+00
3.182442228730454808e+05
3.607211776502987119e-06
1.992133286309530460e+00
1.966406930857383713e+03
9.826934308891729586e+00
1.321518492873924977e+00
