6.919497333836333031e-01
3.789286506272588895e+01
7.387829479696375756e+01
2.887122439928349991e+02
1.957510882673268338e+00
1.587413212813677976e+00
8.524903529270972946e-01
1.984662291288504798e+00
1.200154034944778347e+00
1.210181424312601450e+00
1.333409042979634362e+00
1.613376854302444485e+00
1.471758571904713930e+00
1.350285658747519379e+00
3.732062339968376663e-01
4.336596351284279782e-01
1.236457533693486655e+00
8.821871647616767731e-02
1.256854500070897940e+00
3.732843599910375121e-02
4.822927471988458503e-02
7.075957945663294836e-08
2.117372020898971918e+00
1.208228532550400309e+07
4.026443685020206775e-01
7.035144310555026386e-07
2.413870645677461013e+00
8.169299880110172671e+04
1.610451555516271838e-01
2.829337992164674982e-06
2.010673161332432013e+00
2.101915453949394816e+02
1.054035432856638144e-01
3.074042369804621035e-07
1.442511914265784290e+00
5.312289782603357453e+05
1.600061571979123265e-06
2.313338010106019915e+00
7.446016275493072953e+02
1.596721597091705291e+01
1.760837636299273479e+00
