7.774361178063278199e-01
3.015869709453497194e+00
2.081661915471234749e+02
2.974889561645808271e+02
4.567168892847074946e-01
1.171976075196752509e+00
2.660297048400412367e-01
5.673768812366514203e-01
8.844255434943181227e-01
1.869444488950726235e+00
1.112627294092749519e+00
1.395364957463343103e+00
4.655664905353796290e-01
1.913770600542279654e+00
7.514827412990894295e-01
1.276602994579819184e+00
3.906428246349505362e-02
9.987556212170057846e-01
9.665758197208580427e-01
5.592783114270353240e-01
1.863231085464789771e+00
4.255235571056521271e-08
1.574099834394693920e+00
1.254139686150332913e+07
1.328257156470751543e-01
3.038972249424970048e-07
1.795022541182274667e+00
7.083827623810448858e+04
8.352396845127996183e-02
4.307648673377375108e-06
1.894535973620796732e+00
1.021086621221182213e+03
8.630681792750100056e-02
1.936631958193245121e-07
2.362433405611282122e+00
3.513109653977951966e+05
5.685066910957849029e-06
2.012203168203687387e+00
2.125108474376864251e+03
1.910742461356003474e+01
1.123985019591955847e+00
