6.533340802407627823e-01
-6.428276030923576911e+01
2.020348106468480296e+02
2.647840529718007474e+02
6.509071030811264258e-01
3.708050515830230848e-02
9.006789476730437949e-01
1.442587324193518983e+00
1.095380396438133008e+00
1.723766900939710522e+00
8.209377200044009060e-01
8.810696008397370660e-01
7.975224622871853741e-01
1.327419454736642912e+00
1.939261202553439922e+00
3.397444820863339543e-01
6.097150231026123857e-01
1.272445340142707382e+00
1.066348564299043344e-01
1.504299845604927910e+00
7.331627013238221080e-01
3.487244124731429879e-08
1.415609529968646196e+00
7.173162329896731302e+06
8.383833204843174070e-01
2.989591610255791762e-07
2.388271884147549429e+00
2.226316245955636259e+04
1.693376728249202101e-01
5.264713706105466747e-06
2.188724750148393738e+00
1.787245848725773385e+03
3.524117852183901445e-02
2.164648068611567559e-07
1.484743263144225445e+00
3.266522104398864903e+05
4.421630851463124097e-06
1.727044145372257145e+00
9.822843066142912676e+02
1.194141036472230527e-07
2.209536546034422955e+00
4.510829772503717104e+05
3.078328949776464096e+00
1.481469816933531858e+00
