3.682732696277979390e-01
3.370358009893520546e+01
3.178226407583759965e+02
2.846276152958425314e+02
1.229321075382814987e+00
1.014812295870939352e+00
6.407693821557830516e-01
1.359110649082049538e-01
1.951591596776721671e+00
2.298889809588663680e-01
1.969590395245472969e+00
9.471928831261051673e-01
1.696487524838799388e+00
1.541819654169602316e+00
2.203980229409187655e-02
1.554607691269086212e-01
1.506826354785702371e+00
9.103335058399001367e-01
1.645092798457399585e-01
2.567444154187935035e-01
1.915866608966195761e+00
5.698325395547046187e-08
1.973090379936941030e+00
1.366299211744490825e+07
2.782948112868652846e-01
6.849678073741570159e-07
1.569849507120225418e+00
1.283287386668034742e+05
1.465166772378101168e-01
3.737458265319954748e-06
2.462994563479417920e+00
6.055285986438864256e+02
8.146595866825266652e-02
2.875058119462821367e-07
1.579704713211175005e+00
1.654918688659980835e+05
3.779136327837287106e-06
1.799884610257183937e+00
1.660414620061652840e+03
2.123686787206564361e-07
1.420233175685044369e+00
1.793239858913992066e+05
2.834587478419750894e+00
9.374565522403588425e-01
