7.681187399396641746e-01
-5.062376934192987932e+01
3.386152059035352409e+02
2.764089514507512604e+02
1.675124986561051355e+00
3.805581382918541977e-01
5.655150057304104971e-02
7.858904602051959287e-01
1.197155056106730120e+00
1.809873673484155177e+00
5.411779509165464130e-01
2.550957485381609713e-01
1.001511223749977503e-01
5.758158724518124272e-01
1.391235628854355255e+00
1.491093415147030976e+00
9.562033895946409068e-01
1.747861828772866222e+00
3.789706462015465238e-01
9.243949063099445862e-01
1.348790665414258960e+00
9.674897323657297655e-08
2.322759640752597665e+00
2.598046324995787349e+06
1.297221665421162962e-01
2.284689396266142184e-07
1.774428543781486400e+00
2.499589817094223690e+03
7.112546699814924211e-02
2.449450061670590918e-06
2.078987489465609073e+00
1.657483628099653060e+03
1.536279952049422748e-01
3.003240151228194444e-07
1.963624479148687207e+00
2.582742420202940048e+04
1.068038548524731670e-06
2.152107144371778524e+00
2.280522398318129490e+03
1.625373413206236900e-07
1.549518987411870219e+00
1.453120125089794165e+05
2.004657000007089351e+01
1.682947115523273807e+00
