1.460412843580234377e-01
5.715438059800067094e+01
2.266235685970998475e+02
2.792313743043827685e+02
1.260589378774318980e+00
1.413754466809355348e+00
8.916673847194093172e-01
1.723306101786481248e+00
9.113343524761540193e-01
1.584263399529025174e+00
6.298599256470821528e-01
9.461315855644616413e-01
8.017063665911511317e-01
1.644516128870211924e+00
1.203453409805780527e+00
1.594194949909834014e+00
1.634764788636954513e+00
7.087447262519109836e-01
4.928412542214095637e-01
1.258275112242874139e+00
1.410385228315661710e+00
7.340740648312001874e-08
1.874432370335477049e+00
4.727051509890802205e+06
2.664748973173803326e-01
4.571898031489434445e-07
2.102009609574294835e+00
1.525040826612660603e+05
1.336129269735239211e-01
4.515861770439557856e-06
1.500574108868820922e+00
3.242190236148570648e+02
5.052609806793182529e-02
2.876940862550371233e-07
1.892969495017699844e+00
4.638377772544820909e+05
5.177879048830350026e-06
2.335377561409353486e+00
5.168471003714122389e+02
2.234828158652218754e-07
1.543220103874023419e+00
4.954892161642917199e+05
2.020530399991440262e+01
1.310503748027176840e+00
