8.857422909735916949e-01
-7.476006599089654969e+01
2.801185803710802702e+02
2.356391843415762821e+02
7.592076530348037533e-01
9.817085504841095434e-01
7.876907121724920913e-01
1.592391512312313573e+00
3.842280494145811631e-01
1.290887949901817100e+00
2.597362189031160451e-01
3.061589443879523253e-01
6.725232121107621586e-01
1.544692819655859140e+00
1.684653507267362293e+00
1.366565364325443843e+00
2.548076199249096896e-01
6.195072538451663613e-01
1.227853608778246564e+00
8.500277406295607685e-01
6.378230371912493313e-01
1.853378991766343407e-07
2.344647492081661788e+00
1.331369113441753946e+07
1.003231610266220458e-01
6.817978298208227204e-07
1.726117446121864463e+00
2.456091826864731047e+04
1.860789644417514543e-01
3.235649037985237271e-06
1.869369962931325402e+00
2.029810846545939739e+03
1.903912811483098599e-01
1.036115890100419657e-07
1.964770529727070780e+00
4.183184386890312308e+05
2.854170624960586906e-06
2.498428237273840224e+00
2.606053928746405859e+02
2.395566552999828147e+01
1.310158776842161643e+00
