1.130503307468428142e-01
-6.312300735606963542e+01
3.192253143883401094e+02
2.657588212234100524e+02
2.654984812562227736e-01
1.809515701782410391e+00
1.516058673035620474e+00
1.285757700155412575e+00
1.408680591179952257e+00
3.725094319542828214e-01
9.637631692471277933e-01
1.392876063178906110e+00
5.212734652792562207e-01
5.127021932378713620e-01
8.824135910710160235e-01
1.579556017234424736e+00
1.984981851423078147e+00
3.838209410186494419e-01
1.428198774089580514e+00
2.637977875711799425e-01
5.901836788258186806e-01
6.698082424728872076e-08
1.511495995092026146e+00
1.040078307857688516e+07
4.742418597301847338e-01
6.472174715877480946e-07
1.479298652980859607e+00
1.032006272799877479e+05
5.686797111201722515e-02
1.445853482283280029e-06
2.108264111405742547e+00
1.488881238273736017e+03
5.998868451593418125e-04
1.897119204319703647e-07
2.026893151005192628e+00
4.986810699428908410e+05
3.177168595962268762e-06
1.680328054502462365e+00
1.900861979949283977e+02
1.600869730418134651e+01
8.581651202855735683e-01
