7.905846277221706409e-01
-9.076138432521545951e+00
1.869170813680970582e+02
2.929428074551770464e+02
1.249352418537232001e+00
4.756746431245985618e-01
6.717204140500092624e-01
9.075297177537691717e-02
6.271369475537793559e-01
5.282632724574013450e-01
1.666439261140068240e+00
1.406052414442616083e+00
1.988241553007179530e+00
1.279297028911921652e+00
1.118432796176424882e+00
7.713196538091170451e-01
1.333467011804554680e-01
1.038508115686123112e+00
1.820990138230705435e+00
1.185949784219376024e+00
6.817679430491153658e-01
1.653166833379270886e-07
1.617496459602861592e+00
5.054974835597006604e+06
3.527992441466039630e-01
3.460402597630096944e-07
1.473722925712180665e+00
1.018288595409576228e+05
1.317746447476000372e-02
3.027118232393697800e-06
1.499969041384341839e+00
8.951192130456304312e+02
5.385721875498516997e-02
9.011510139554354708e-08
1.756844586329455726e+00
9.612199951229216822e+04
1.922824127792154527e-06
1.681929974935780336e+00
7.792098337644897583e+02
1.243380860097869419e-07
2.319643563570043199e+00
6.556577969811152434e+04
2.166471577638797186e+01
1.825969980235536694e-01
