3.578627579734068309e-01
-5.676436616841384364e+01
1.310951407607269346e+02
2.779811352671798090e+02
1.235095057364721471e+00
9.323831688582635835e-02
9.685650350963777022e-01
2.818109410271520815e-02
4.612345433346812795e-01
1.555329011432624586e-01
2.582921426373945284e-01
1.857303889541187303e+00
1.124559216114509264e+00
1.584086135835670595e+00
1.640945416091692310e+00
1.298094574884496311e+00
1.555231238999569499e+00
7.709210233593665196e-01
5.257801625809484236e-02
1.012748660367525533e+00
1.985999190697250283e+00
5.867561105493385248e-08
1.408402420335171268e+00
5.221876351444970816e+06
4.583746057594134116e-01
6.240732346961891719e-07
2.109476464476171209e+00
1.448605741079396103e+04
1.748514008687118704e-01
3.518457231382863798e-06
2.405018285534075595e+00
8.119237761572113641e+02
5.441472533809470734e-03
1.787132196239009313e-07
2.062618971367168541e+00
3.765664580752408365e+05
2.356255084821257641e-06
2.358842670652438578e+00
9.936431868009959771e+02
7.520970271041132466e-08
1.815609525859041007e+00
3.764428076917120488e+05
1.968377323593565542e+00
2.658433865512361827e-01
