4.887080267755333773e-01
-6.449192613898389936e+00
2.994154791533055118e+02
3.030099851526617272e+02
1.655673122837751920e-01
4.182521756375214839e-01
9.151398974588732804e-02
9.979327117112536394e-01
8.635786382878567480e-01
9.915233498071135410e-02
1.525302439297853363e+00
5.965558260588753603e-01
1.974418713328643937e+00
2.470032392071350169e-01
1.611390267169953594e+00
1.705543201212938564e+00
4.482207840910940044e-01
1.977425467298126738e-01
7.930756082813719132e-01
4.858651429462287341e-01
8.478172631155213024e-01
8.399935731386208432e-08
2.472640415466258013e+00
1.352127280582217127e+07
8.167911117905979346e-01
2.473221784837030150e-07
2.414344780005808211e+00
3.839805890053200710e+04
8.244597798669560385e-02
1.503213553066812049e-06
2.463029415210999939e+00
9.391330120177203753e+02
5.846765522423198747e-02
2.354839353045465622e-07
2.247439782113138662e+00
2.267243939651500259e+05
5.305498218100049370e-06
2.128923266507955603e+00
2.301083115695646484e+03
1.194213206713430845e-07
1.809390515642272268e+00
6.002696178437830531e+04
1.303190152858269890e+00
9.201287920913993057e-01
