5.811323285170401087e-01
-6.509266264246704736e+01
3.507348310866462384e+02
2.724225586964871582e+02
1.485863184723492658e+00
9.925517498887644896e-01
9.836976971077631138e-01
1.663650899634591951e-01
1.553130681907897603e+00
1.531469411958592097e+00
1.269455364200079532e-02
5.010076473187310420e-01
1.138394789120448447e+00
6.007622940015544533e-01
1.979446337137320766e+00
1.475077034433724732e+00
1.904135407514343070e+00
9.345344778040394207e-01
1.752738812110743671e+00
1.658770971627458124e+00
8.032982642055829237e-01
2.076097999387027204e-07
1.592222235553353960e+00
9.317519126065323129e+06
6.156270828561124508e-01
2.101868187951255006e-07
2.138843794379792218e+00
1.174398955786582155e+04
3.765403326835464748e-02
2.774105277374645025e-06
1.731499611067569333e+00
5.185674454575832897e+02
1.373444594426481181e-02
8.717820704273699241e-08
1.460515365476500627e+00
5.008242319332863553e+05
3.930106360115221107e-06
2.321028119995991013e+00
4.297330379933538325e+02
8.573818226248941731e-08
1.978590660913993382e+00
2.017337483101719772e+04
1.080071831070368482e+01
7.810658177297972182e-01
