9.968005950798453085e-01
1.899558882604134169e+01
3.344269099615788150e+02
2.970124029218638384e+02
3.398392383933483973e-01
3.895112460254271936e-01
3.355235920607009814e-01
1.496062991614772519e+00
1.177679693333184341e+00
5.632470220206606815e-01
1.147464629157255445e+00
6.175148094780855690e-01
1.673445540917169794e+00
9.758104362226914796e-01
2.811422237807379987e-01
1.548434633236077218e+00
8.863903143513132132e-01
1.676081469322427964e+00
2.206338566770176812e-01
1.285514086634441666e-01
3.877105249830899991e-01
1.895708103002009665e-07
2.026481938352034717e+00
1.014367945960564353e+07
1.434317194994979838e-01
4.225769716139571014e-07
1.855655187887566893e+00
1.020647785638359055e+05
1.102472039604233817e-01
5.361499952507615911e-06
1.526284597233119378e+00
2.304211093479397903e+02
1.332017234862513388e-01
2.374992687887759740e-07
2.467574316106169618e+00
1.493688796829324565e+05
4.369018674316668975e-06
1.553795051312848452e+00
2.954968453049026493e+02
2.218185606651410779e+01
1.088397719869338198e+00
