9.358415268484093774e-01
3.160709670436320096e+01
9.806813426420413293e+01
2.597798256861647701e+02
1.088747704251484677e-01
1.985280354133719838e+00
7.871201672308439923e-01
3.276662584900700281e-01
7.933633833351153575e-01
1.439129330596993661e+00
1.604403819224277550e+00
5.426685309569245774e-01
9.254108444427332492e-01
5.951419016177214028e-01
1.335741460295894800e+00
1.595924260222403079e+00
1.386692349763355203e+00
1.385492479524396581e+00
1.122222054405877634e+00
1.201861055754833707e+00
8.670289658065757354e-01
2.429392382860249397e-07
1.997175077332144610e+00
1.333146777697316930e+07
3.172874973666828802e-01
5.247266041147870235e-07
2.229168976238493194e+00
1.006919850223066751e+05
1.169662596239557095e-01
5.621691021123633181e-06
2.199466564045243544e+00
1.508430418601786869e+03
1.678615232503937738e-01
1.052803164400641442e-07
1.982953135933686939e+00
9.490318207299416144e+02
3.312228968760343647e-06
1.497830321014747224e+00
2.138573228628871220e+03
1.078943441252703267e-07
1.813663614735615104e+00
4.691674806905557052e+05
1.875557477185816424e+01
1.172110441610177523e+00
