5.023912720412834210e-01
7.236430530307941922e+00
2.429571171971419830e+01
3.012743023888572793e+02
1.463662807599170890e+00
1.538589467802443878e+00
4.406300353069607378e-02
1.037522942908729595e+00
1.823222994561385812e+00
8.153768354741700031e-02
5.123690589190382783e-01
1.823439772187056107e+00
1.881276363823138009e+00
1.024243813269168024e+00
1.438005765726210639e+00
5.927148695248353194e-01
9.689847012020501305e-02
8.713476831803518285e-01
2.483128377891085370e-01
1.209913384198379127e+00
1.094033582124435133e+00
1.916892461589533120e-07
1.909116616011271805e+00
1.079066882423449121e+07
6.208086792445832724e-01
6.229988408391046470e-07
2.174619833277036562e+00
1.240436153426080855e+05
7.017334070098027454e-02
2.438123039039031103e-06
1.747368430597103561e+00
7.907265572370774862e+02
1.750515316324471327e-01
2.981866062106119584e-07
2.493842631280016153e+00
1.482764036444638041e+05
2.346314281659323156e-06
1.631383795409448778e+00
1.444244314278551883e+03
8.740164045366918734e-08
2.384217283389568731e+00
3.273393289657473215e+05
4.293846965786937808e+00
1.042437789429884409e+00
