7.594030615145548335e-01
-5.182543128229197293e+01
4.542429650370586813e+01
2.870514220378807408e+02
1.150612776272720739e+00
2.698113956944964142e-01
1.139872684316964646e+00
1.693487012231355227e+00
9.088451276406404045e-01
1.301964238231016369e+00
4.599444155009893009e-01
1.583907254997050318e+00
1.917486139706348292e+00
2.490507483055696136e-01
7.488952281053024018e-01
1.697270345884271725e+00
1.903442761086892254e+00
7.197911547508318852e-01
1.200761730137783312e+00
2.081489759434165115e-02
9.993305165760076880e-01
4.870367838692657647e-08
1.881506830033034205e+00
1.309363833105718531e+07
9.995587093016350400e-02
7.148520679766109945e-07
1.871399518277139684e+00
1.602430334594231317e+04
2.851237961523746603e-02
2.608540599187819484e-06
1.672213312785095995e+00
2.107932125022522087e+03
1.511078370813694928e-02
1.624973603532320468e-07
1.730766557006583550e+00
3.138066706548414659e+05
4.698687214841251949e-06
1.821140737902625872e+00
1.888006987787941171e+03
3.239631520897608981e-08
1.860858619771843525e+00
3.055331369612789713e+05
3.357361846110459958e+00
6.354441976249046720e-01
