7.356822997042146151e-01
-4.057458653406732196e+01
2.348441779282889286e+02
2.761486368847907897e+02
1.940893390747271408e-01
4.740444439788098485e-01
9.043560802966973400e-01
3.923984535874547319e-01
5.010262197371769810e-01
1.089095179936132307e-01
1.478695762593061680e+00
4.915220471465343577e-01
1.047262625818180526e-01
9.383144622969594728e-01
1.709431886326292505e+00
1.805630599538894931e-01
1.509964370731770700e+00
1.432726981632558960e+00
1.624018920781097108e+00
4.436138159400231928e-01
1.680068493638272153e+00
2.228002605787731660e-07
1.985210795327149169e+00
9.804579874430306256e+06
5.983184857533402345e-01
2.743611758732708553e-07
1.713822927157915510e+00
1.585873409618996084e+05
5.026315605519431767e-02
4.922516902717965026e-06
1.801732265677979283e+00
2.064577939656982835e+03
1.615610484649417089e-02
2.726573360533662310e-07
2.212472658266015024e+00
2.821478881536521367e+05
4.313750768390938129e-06
1.878557260132605267e+00
4.173162516065395380e+02
7.335256400110097254e-08
1.600125873486631489e+00
2.057311740553175623e+05
1.155055668180701645e+01
5.283428328462401735e-01
