7.074385304898622717e-01
-2.766211932190599754e+01
1.195489253313411950e+02
2.911709552011310507e+02
6.262582821491030627e-01
1.037496710612109407e-01
1.273416376675091222e+00
1.186212527151515872e-01
1.267850285689800405e+00
4.790363343342114444e-01
9.575855219093138970e-01
2.533581037591294827e-01
1.878382604748904949e+00
1.344220511866618839e+00
1.999689547717006244e+00
1.911263925434849575e+00
6.244842906255028137e-01
3.762442231069199061e-01
1.802358402618115862e+00
1.970606750010484853e-01
8.666655088158108367e-01
6.822702089031462273e-08
1.453469878182432229e+00
8.679603815700301901e+06
4.338373403019698538e-01
2.046352130963689343e-07
1.753806915806287003e+00
5.856447561923452304e+04
1.409802463854658017e-01
1.781809255558506251e-06
2.134517637399039103e+00
1.156955818434641287e+03
6.820395304272307280e-02
1.087313951500408218e-07
1.459463704275171025e+00
1.849971033914423897e+05
4.112818168819129647e-06
1.997938476514650841e+00
7.903319804256367433e+02
9.371918720826384330e+00
7.839123375115024661e-01
