6.713910148290520574e-01
-1.375991785805371137e+01
2.329739810325905296e+02
2.983195481755059291e+02
2.512593146223128515e-02
8.546896023401482356e-01
8.827106439670932003e-01
1.350807590422725912e+00
2.025623568376552497e-01
1.829953213632471209e+00
9.318226936086458911e-01
1.851703984986946827e-01
9.551264320559778032e-01
5.687529670744251309e-01
1.958226620146029884e+00
2.683455214080965323e-01
1.409922249093152002e+00
1.025121379225421236e+00
7.419656039595545760e-01
1.672148146163675797e+00
1.908537879467010479e+00
7.370057763148384772e-08
2.099762253464674266e+00
1.392291893530937657e+07
7.928184620330009924e-01
4.841476051902561451e-07
1.769053416022246861e+00
1.467730302384866227e+05
6.658246495215426608e-02
3.817308303199875224e-06
2.086673413623927331e+00
6.899681687163746346e+02
5.857438523802560582e-02
2.049373253538085391e-07
1.668625619726655795e+00
2.749461263832914992e+05
1.028048597600818618e-06
1.972548833620383357e+00
2.020540444696987592e+01
4.809021394162950713e+00
1.574457667572396247e+00
