8.592063906719366040e-01
5.894939679142876798e+01
3.640001814003522895e+02
2.313696712391022743e+02
5.631171746765050168e-01
1.136547749794464934e+00
1.942884998621170256e+00
1.339975925962800130e+00
4.374776553600268625e-01
2.083042036147519649e-01
1.495719343542049051e+00
8.862783315023684549e-01
9.244741194612841051e-01
2.060121320069348005e-01
1.643747705608525900e-01
5.273925967211825494e-01
1.478760917392990315e+00
9.367789620133053496e-01
7.011969027041458080e-01
1.019707154647100822e+00
3.376725317736876675e-01
1.509109079005549217e-07
1.780712963022711648e+00
8.153378349026315846e+06
1.824739665965607049e-01
5.105467524572457484e-07
1.933764447928571384e+00
1.056999756699809404e+04
9.198839397843953936e-02
5.479254914248527014e-06
1.933295354057664284e+00
7.651289233117142885e+02
1.844983201125363625e-01
1.916843835062328382e-07
2.216504760400638929e+00
4.864076134556850302e+05
5.887821302945205934e-06
1.630854861168113068e+00
2.247516708565628960e+03
2.367742824161512871e+01
6.680120533761102486e-01
