9.549450471300213739e-01
2.984683345700349832e+01
4.821412719856853357e+01
2.522197897641570421e+02
6.236112249132959029e-01
6.515315047830246842e-01
7.450332050305867870e-01
1.800448204361746019e+00
8.840590987316897520e-01
1.354662881353920989e+00
1.302518925264558314e-01
3.026396791327928271e-01
7.863276249786631533e-01
4.748966678025037247e-01
1.203877398657235309e+00
1.317375811000383257e+00
6.826083868614394312e-01
5.307987687041343383e-01
1.794783264404844259e+00
1.639220758036769920e+00
5.503161086786194645e-01
7.524886849739686969e-08
1.968796459704821311e+00
1.278937875008974411e+07
2.922492188613357023e-01
6.386568899938553292e-07
2.302761176826407130e+00
8.461280921175837284e+04
1.206529695769271160e-01
5.810501354481340169e-06
1.472016634143721525e+00
8.609381171557450898e+02
1.082852145887198553e-01
1.598239364789735687e-07
1.744819876269696479e+00
2.102424630401890900e+05
1.848211824531180135e-06
1.746697936252893157e+00
1.837352848119247710e+03
2.391686607232300822e-07
2.339884432481904142e+00
1.966391406279783405e+04
1.947786652713587330e+01
1.594317771107544246e+00
