9.241354606494210921e-01
-6.014679847048544303e+01
3.331571548797647324e+02
2.777012158684553356e+02
1.144194367077689511e+00
1.254977373043169919e+00
1.758067164803981619e+00
8.370554820221013173e-03
5.279566127556677424e-01
1.999669535597350167e+00
1.332262092367454631e+00
1.132087248051218520e+00
1.570243574687755439e+00
1.517441032111947141e+00
1.780683332559453769e+00
5.296515991459348899e-02
8.048916488493514931e-01
9.264017447584972365e-01
1.885685357802274531e+00
9.444097304786908120e-01
1.934681324568454874e+00
1.442518664912834278e-07
1.941305602720518664e+00
3.768625507214564364e+06
7.590889729784727757e-01
6.257386005853687408e-07
1.519245662367554317e+00
1.839062518918237765e+04
1.357718748572137313e-01
1.598180186784847303e-06
1.503635240585402100e+00
1.361131374604432267e+03
1.051016155686435027e-02
1.522945544157428800e-07
2.249626657029953236e+00
3.090728573573150061e+04
5.349578751244245436e-06
1.663335482406412158e+00
1.281135856370988677e+03
1.646325367373013115e-07
2.318445249133011643e+00
2.228154272401465278e+05
2.267110632550232197e+01
9.739473530917703847e-01
