9.687153992371749789e-01
-2.545560257392523340e+00
3.315684393865770971e+02
2.981422801564704059e+02
8.760713053843071085e-01
8.132030547413503507e-01
2.340553985384439817e-01
1.647830952476054822e+00
9.073551365814489511e-01
1.319066942541569754e+00
1.976679913177746162e+00
1.177319672956202989e+00
5.242633467075829001e-01
1.148506696348904121e+00
9.676092518315105862e-01
7.296477138270529572e-01
7.720229080652797338e-01
4.513417964398955817e-01
2.821337313011435324e-02
4.878004001527331268e-01
1.974745656795929838e+00
2.986908120157499860e-08
2.396353071017896852e+00
1.297452437391077727e+07
2.491286088484479244e-01
1.803446564471213900e-07
2.326070290911271599e+00
1.350640726441422303e+05
1.252665584429590584e-01
4.240882070760924312e-06
1.838241532172928627e+00
2.324553311972408210e+03
1.673821429247925041e-01
1.579042589467611955e-07
2.353809594977549935e+00
1.141635768108244665e+05
4.042253119793129584e-06
1.735612116457984744e+00
1.835661082052135498e+03
1.393988672182846855e+01
1.890884759828834971e+00
