9.989999999999999991e-01
6.999899999999999523e+01
3.650000000000000000e+02
1.000000000000000000e+00
2.000000000000000000e+00
2.000000000000000000e+00
2.000000000000000000e+00
2.000000000000000000e+00
2.000000000000000000e+00
2.000000000000000000e+00
2.000000000000000000e+00
2.000000000000000000e+00
2.000000000000000000e+00
2.000000000000000000e+00
2.000000000000000000e+00
2.000000000000000000e+00
2.000000000000000000e+00
2.000000000000000000e+00
2.000000000000000000e+00
2.000000000000000000e+00
2.000000000000000000e+00
2.499999999999999887e-07
2.500000000000000000e+00
1.600000000000000000e+07
1.000000000000000000e+00
7.199999999999999886e-07
2.500000000000000000e+00
1.690000000000000000e+05
2.000000000000000111e-01
6.000000000000000152e-06
2.500000000000000000e+00
2.380000000000000000e+03
2.000000000000000111e-01
3.200000000000000067e-07
2.500000000000000000e+00
5.860000000000000000e+05
6.000000000000000152e-06
2.500000000000000000e+00
2.380000000000000000e+03
2.499999999999999887e-07
2.500000000000000000e+00
5.330000000000000000e+05
2.500000000000000000e+01
2.000000000000000000e+00
