4.220045037273962851e-01
2.311038939026762762e+01
1.904180269440814044e+01
2.992610615315725795e+02
1.686806264120490173e+00
1.266258067482737060e+00
5.443623629282652310e-01
1.987280771977274929e+00
4.160542587825873939e-01
9.215336256711191831e-01
1.994284458786057757e+00
1.980580933098833318e+00
7.170281870188126572e-01
5.888311896251767485e-02
2.354145621454133697e-01
1.120548774854235763e+00
8.057826867268786941e-01
6.415665971354881369e-01
1.686685259571263584e+00
6.026753087754344040e-01
6.947152918805719057e-01
1.617667393504917794e-07
1.761852406907188584e+00
7.376562116503547877e+06
8.413555616749154309e-01
3.534911943189547174e-07
1.666428616760170511e+00
1.401312053265353607e+05
1.678609728702370185e-01
3.553838041633995690e-06
1.842723185103843253e+00
5.463685269135301041e+02
5.918619308284790714e-02
2.924115487487650680e-07
1.456230269742649019e+00
1.633454044350426702e+05
5.821388986698272294e-06
1.429860575436942449e+00
1.751291360735448507e+03
4.542066140459227000e-08
1.960786546988184220e+00
2.974156975754039595e+05
1.185209076214978730e+01
1.414795744819792755e+00
