6.154004504529054786e-01
7.227790100214974700e+00
1.571830453106790912e+02
2.935025775562353942e+02
4.689775260531808820e-01
1.319728571008499829e+00
5.106918513399321541e-02
1.236995828499522831e+00
1.273040449444164279e+00
2.180907774137466060e-01
5.522063886167253299e-01
5.609299793194871819e-01
1.769112131423578038e+00
1.095501872291641199e+00
1.538821181852211062e+00
1.896284440706940133e+00
1.360981046482538037e+00
1.759155448642429342e-01
6.894473348077136965e-01
1.768642465676364628e+00
3.494384736251539558e-01
1.224166751315615967e-07
2.106554126845828545e+00
1.404594711777725071e+07
7.149919180865222934e-01
5.922528829720214449e-07
1.773640633425078939e+00
1.158918613915039896e+05
8.979992506848510914e-02
1.628977441207911437e-06
1.735186326096112674e+00
5.375074332399952937e+02
1.472221274041827233e-01
2.009982508282331217e-07
2.027992043421761981e+00
4.333510140605542110e+05
4.998082164217099356e-06
1.752698107147382389e+00
1.176730267168344199e+03
2.350952467073181390e-07
1.953012421618110617e+00
3.638839451288544806e+05
1.090672514553446382e+00
1.409351309158506371e+00
