2.375286602012176007e-01
-6.624437146337714921e+01
1.908232420363031565e+02
2.654887972044231788e+02
1.472968487238365043e+00
8.126597919695767169e-01
1.795211097993337113e+00
5.958089201062676254e-01
2.144985363562557090e-02
4.533450689787533738e-01
1.054188515842391594e+00
7.102495570601102814e-01
2.173402502358540711e-01
8.399532687186139768e-01
1.111040217099291960e-02
1.017193439318554660e+00
1.937266862132937195e+00
3.380985492979415863e-01
1.118344787636404991e+00
1.831821456788972569e+00
1.661229965798273867e+00
2.084369985449756728e-07
1.861080271492313809e+00
1.140369032207088731e+07
9.848141459745346493e-02
5.200954073633373968e-07
2.276905126266952628e+00
1.306933913907903479e+05
8.818562934919435548e-03
5.324981022790605971e-06
2.488530380857826518e+00
1.238063843675705129e+03
7.167558528018942721e-02
9.565140245157089614e-08
1.836386291244696878e+00
1.374289496919936500e+05
2.604927495008412876e-06
1.866056627335806573e+00
2.223856425681755354e+03
2.212736909651990599e-07
1.661154446947871399e+00
1.842231978466741566e+04
2.374191697015364966e+01
4.820882119594304543e-02
