2.048468171898945867e-01
-1.408073299835960057e+01
5.975928194255574510e+01
2.945493540298719495e+02
3.860728298878884912e-02
3.088196469534909006e-01
3.386080761120864868e-01
1.801233066918035419e+00
3.628186395398875774e-01
1.899485487881147350e+00
1.805205416991988443e+00
8.326261294594625717e-01
3.532221506441917125e-01
1.791470497724513722e+00
1.500033815702752849e+00
1.969113227692255164e+00
1.443997473497475426e+00
1.950014771973009653e+00
4.818768918986844896e-01
2.120345774026385632e-01
9.270417075916665972e-01
3.176703342965735308e-08
2.330146699901910701e+00
3.225260597499410622e+06
4.306101946878557740e-01
6.309993321179520753e-07
1.680051013039860264e+00
1.605684518588936480e+05
1.395066149855256621e-01
3.866554058939561516e-06
2.471841689949337617e+00
6.336298527762694448e+02
1.971205478771920205e-01
2.620406146676034034e-07
1.444152812019301235e+00
4.567207268583000987e+05
2.385483903310946662e-06
1.581232924279446062e+00
1.442447088942573146e+03
2.005177156592372140e-07
2.374648798245082126e+00
2.308460117043751816e+05
1.685006575657362760e+01
6.527027699843691577e-01
