8.186534772698111917e-01
-8.682957837358505060e+01
1.122827876536857445e+02
2.460669618190324286e+02
1.749142295169724193e+00
1.592626405407704393e-01
7.783861262878305487e-01
9.232910367507565774e-02
1.497208160181673353e+00
8.000468332561322393e-01
1.817745539120257492e+00
1.417110273454517955e-01
1.698190855484983164e+00
5.660695178871508193e-02
1.267165016960561053e+00
1.294601950958426340e+00
2.959295633042939300e-01
8.613219128517418666e-01
1.495000569998963469e+00
1.564532856731820853e+00
4.340123239974043590e-01
1.423925799328507568e-07
2.199243221083515554e+00
1.192751342926120199e+07
5.881681857899677401e-02
6.850421011657089166e-07
1.876141125472391202e+00
5.943450925096794526e+04
1.396447926199587686e-01
5.992138217038901489e-06
1.478842053757800867e+00
6.397505729419789304e+02
1.484253452385583816e-01
2.679778736682069363e-07
1.950951653972762045e+00
2.555305095620756329e+05
3.606596158727512524e-06
2.292797142776110686e+00
6.113025758093162949e+02
5.935610811018181110e+00
1.687227771283135613e+00
