8.406439935428644539e-01
2.497810207539808403e+01
2.211992184096787923e+02
3.124210316728238581e+02
1.206734604733283728e-01
1.718498275421588062e+00
6.779638985354230485e-01
2.299746185981231261e-01
2.979100595039204658e-01
1.898320563933725724e+00
3.781435121300098512e-01
1.824424105427140619e+00
1.495203236138846536e+00
6.810578167283406481e-01
2.222412783235785949e-01
1.801355922006437904e+00
3.771395466834631116e-01
2.646746244702604701e-03
6.410136727874206075e-01
1.445110833843919473e-01
7.416043311400382088e-01
1.715247843021752250e-07
2.178606180161171135e+00
1.631363210706317914e+05
9.347528248558775177e-01
6.294729077312712255e-07
1.995260304555706909e+00
2.844245642131786371e+04
8.854408270216007626e-02
3.738350409550906485e-06
1.743385067606046501e+00
1.373454125828862971e+03
1.266413312497735588e-01
1.596522566561978087e-07
2.461922197058737716e+00
5.767592263457428198e+05
1.142134730198324535e-06
1.430796921314273273e+00
5.841531872596367947e+01
2.034845770444526281e+01
1.790344621651547063e+00
