9.316808125319051559e-01
8.557868886833668398e+01
4.046120615941831744e+01
2.339270657210984723e+02
1.192521319438664573e+00
7.601122062911902511e-02
8.350871049839873050e-01
1.606438210090034291e-01
4.020856050549934668e-01
1.981757891973000563e+00
9.442181042280267667e-01
1.926277342193556397e+00
1.710769193515656594e+00
1.435402200761349167e+00
8.299130042565572296e-01
1.676182285374143488e+00
9.369277768938180095e-01
1.873578366467941514e+00
1.531836516880719534e+00
2.509190771694096433e-01
8.930445608645193323e-02
1.348816016219493320e-07
1.617211274140473165e+00
6.144765809248241596e+06
6.257459344646627564e-01
4.706821717955432079e-07
1.977953036278971233e+00
1.523581657965982158e+05
7.903902560873130034e-03
1.943760121510944248e-06
2.244217876415100399e+00
1.801947170209087290e+03
6.131945915570116701e-02
2.303830720546385241e-07
2.178481812876331247e+00
5.034121368393170269e+04
4.102174859303097025e-06
1.839439204097423008e+00
1.160512316302447289e+03
2.492689942161311834e+01
3.158705608618576632e-01
