9.468556279491642247e-01
3.219847963099280719e+01
3.913081109440812355e+01
2.712870032681982480e+02
1.587973061700327371e+00
1.262724669762520957e+00
1.702137561353344042e-01
1.705645236378856566e+00
3.029052921504292728e-01
8.872707358563737268e-01
8.327127715654506490e-01
1.356101789017130965e+00
1.232539722802784565e+00
4.277905864857514673e-01
1.140518245956213095e+00
1.242284453697624524e+00
8.879472008984171660e-01
6.228073262047862935e-01
7.592108859659575659e-02
1.506510027111719607e-01
1.532571283782736771e+00
2.455669095624540756e-07
2.499502187391415386e+00
3.290886667927891947e+06
9.347265532031089341e-01
3.285303281090069626e-07
2.392717879326617059e+00
4.027266698068723781e+04
4.000982165704682070e-02
2.989245183362371077e-06
2.115882374029179225e+00
1.891682562296403376e+03
1.627457523176103690e-02
2.563517245362566610e-07
2.444590686636303190e+00
3.993373905228166259e+05
5.162159438748451788e-06
1.476113777347511702e+00
1.060383301316901452e+03
2.491733639269099777e-07
1.577637658615648197e+00
3.277058196726535098e+05
1.209649527245694678e+01
1.716680952894641621e+00
