4.530041914776991585e-01
-8.382046179697641719e+01
3.455013591878617945e+02
2.384662159479408956e+02
1.057560134644612404e+00
1.147886060712203504e-01
1.573239457906089545e+00
1.105998392962763255e+00
1.273469719125218003e+00
3.391758268231242490e-01
1.311169881305649376e+00
1.073933538705203583e+00
8.220980692821840963e-01
7.309350518815865838e-01
1.937788496822749673e+00
8.556089060501308463e-01
1.958703362110577384e+00
1.941534150295843641e+00
1.310339624029064787e+00
1.220334017327986631e+00
1.956690370703554116e+00
2.105419521714745590e-07
2.215837186056626607e+00
1.518110595261560194e+07
6.054162513380290100e-01
2.764152344439909068e-07
1.463820552200434610e+00
5.612430718771963438e+04
2.965507233354144553e-02
3.351979294431020242e-06
1.448784387892820824e+00
1.391279789335187161e+03
1.032920277147460209e-01
2.600273129478897127e-07
1.455028404311967449e+00
3.254987666885929648e+05
3.528841611894604283e-06
2.414895433507708411e+00
5.213806491991445000e+02
1.531233605662707475e+01
1.859110309623132951e+00
