3.727130219555098156e-01
-6.110301771239024760e+01
9.127205706688759790e+01
2.727194026128498194e+02
1.850607424344960505e-02
9.647752591809483080e-01
3.981655749878382222e-01
1.856465044657212848e+00
1.923074324195144680e+00
1.372214886147534285e+00
7.353995855331946219e-01
2.864272051832520427e-01
5.750282903069735552e-01
8.631537030729763416e-01
1.158474749015872829e-01
5.360231278577139991e-01
1.969560813177528846e-01
1.639115812856421384e+00
1.546719189656551752e+00
6.381465325317381421e-01
6.708353235662514180e-01
1.282700423202199752e-07
2.318218627104963847e+00
6.345367644913856871e+06
7.926837997789001888e-02
2.317282851694445971e-07
1.478883958996962900e+00
1.242614011156360066e+05
7.837035931106119124e-02
4.129646553658635899e-06
1.890870232362028558e+00
2.336996512398374762e+03
1.399505115363920693e-01
2.189340570233731216e-07
2.268796319692010677e+00
1.579519713514375617e+05
3.841602454389674540e-06
2.017078444765092904e+00
1.236609992784450014e+03
1.051689883616364583e-07
2.382917398040383716e+00
4.077034118443909101e+05
1.793518067257015502e+01
3.177556341137813822e-01
