4.233478190148850517e-01
-6.532481213964072708e+01
1.829305845348780508e+02
2.345298858705087923e+02
8.330307905697102999e-01
1.481263774746463646e+00
1.627038964445480351e+00
3.993025829783360958e-01
1.458139233474863961e+00
9.974643961234866962e-01
9.527206628846468517e-01
1.228933349654573570e+00
2.525400624422974305e-01
1.009086160913387875e+00
7.402981955225366173e-01
6.092192320708994524e-02
1.954526106799888918e+00
1.557752258942778800e+00
1.551557547099033929e-01
1.419217766762560062e+00
1.641243776238621610e+00
3.306396592095747267e-08
2.324091867776926890e+00
1.491055872259573452e+07
9.763323185326949760e-01
2.607064033010889103e-07
2.180041149386591215e+00
1.018707252097743767e+05
7.265722875210668674e-02
5.940298767904503268e-06
1.516382212849131106e+00
1.262408319661374662e+03
7.134531947211736336e-02
9.236235761726716200e-08
1.696041756578950732e+00
9.135226553351909388e+04
2.526128783401449738e-06
1.714114671545872381e+00
1.514013411314180757e+03
5.333060244061765368e-08
2.359667016093820013e+00
1.909757035806383356e+05
1.299715359432722472e+01
9.294830766907227204e-01
