5.127853835576645647e-01
6.811534166858336903e+00
3.200489328063505923e+02
2.913998754689963562e+02
1.214873280324217264e+00
1.816970340141763840e+00
1.257798114175108783e-01
4.718850717377404691e-01
1.645446656856162981e+00
6.564940196061687105e-01
1.786043667029315607e+00
1.213145450412536297e+00
7.577002315380338970e-01
8.175586963069900737e-01
1.863781059637535042e+00
9.697744694813573707e-01
1.292391883234196570e-01
1.325113866149979058e+00
7.371238370511821181e-01
1.189375185863383200e+00
4.790046833168197793e-01
1.399116997798804489e-07
1.544572877915977305e+00
1.562970602409741282e+07
5.140350377241970081e-01
5.059096543754307018e-07
1.528420940240652115e+00
3.175445146092167488e+04
4.680738058384437128e-02
4.919849606265221738e-06
2.418583763683610499e+00
6.507397214341201561e+02
1.527309678324892395e-01
2.968929216242250746e-07
1.857363849066559602e+00
2.770449783315949608e+05
5.169543617282663734e-06
2.453384762085577542e+00
2.098332492524354620e+03
1.081009592125140095e+01
4.984078247408207374e-01
