4.229047853630272802e-01
-8.172785667397305076e+01
2.415291229891470266e+02
2.498994130449811450e+02
1.008243088376590268e+00
1.108696338214658850e+00
1.401256790827231313e+00
1.885272624843649991e+00
1.393099224149227711e+00
2.631760082748059171e-01
2.058991083474725758e-01
1.796282756043318996e+00
1.858688655289289782e-01
1.136242222387584544e+00
1.351638765682104948e+00
1.330572693928555039e-01
5.194833922882876598e-01
4.353497000315785237e-01
4.150798270185631078e-01
4.126414392295528755e-01
6.004034677977727608e-01
2.377548868772847129e-07
2.325108090923647453e+00
1.384160381357026752e+06
5.552775135778793558e-01
2.212352368142472843e-07
1.480636151273572398e+00
1.093606498156812304e+05
1.193252419658564628e-01
4.296258743644247970e-06
2.122239854815773263e+00
3.039847903128630264e+02
1.344326983803232657e-02
1.244899606859632123e-07
1.780139591939128740e+00
5.182679741856218316e+05
4.718131688967157835e-06
1.990452668199474973e+00
1.578819635210808428e+03
1.849150674071031375e+01
6.047389022655008661e-01
