5.838677201147270956e-01
-4.093215700655676414e+00
2.931823718376569445e+02
3.037878876981339431e+02
1.578805931960172160e+00
1.081096985663179577e+00
7.407337151151596188e-01
2.617043698015465991e-01
1.313471626453325714e+00
1.318279216033049872e+00
1.284397133139255076e-01
1.318814231363304890e+00
2.208023023428592191e-01
2.537198152899479142e-01
1.912238824267876502e+00
7.355152386633106998e-01
1.286612558912821003e+00
1.158378803331049145e+00
4.388940892399365024e-01
1.250052741949036816e+00
1.948018493351393543e+00
1.228364715871149749e-07
1.622584556500326070e+00
9.768935901473987848e+06
9.006960247593817082e-01
3.178597350548243203e-07
1.674783979863140315e+00
9.685966428216070926e+04
9.668138579187453285e-02
3.394758852607517769e-06
1.400975083944585142e+00
6.886584540289567258e+02
2.451049379570718195e-02
1.712927789977756812e-07
2.316151277699641575e+00
1.613514441712789121e+05
1.401772535835333380e-06
2.412706118048877357e+00
1.477995958846709527e+03
2.370301776791828925e-07
2.021863525533243777e+00
1.457842720599690510e+05
8.778614239534185515e+00
5.360099717684141396e-02
