7.895004494834966247e-01
5.590540358986416436e+01
3.477199970124211177e+02
2.350751459857127657e+02
9.019950392353508206e-02
1.624159504254877040e-01
1.423309287532378509e+00
1.850898361761075916e+00
1.998013145719987893e+00
1.963592139047931617e+00
1.008211871331713416e+00
4.029528034612858134e-01
1.224667092835986626e+00
5.144072833538658740e-01
6.526603898868870157e-01
9.873968464075656426e-01
1.567647501898380868e+00
1.999313341391437904e+00
8.620361198347988863e-01
1.858325519857743302e+00
1.248851484191236150e+00
1.474930129803066727e-07
1.670896001606094083e+00
6.260821756713563576e+06
2.561902736892165272e-02
5.547489448341519538e-07
2.199913078025240942e+00
8.500846489694139746e+04
1.322566019116384051e-01
1.272056612444904706e-06
2.482687830977993837e+00
1.829516231708812029e+03
7.082833577829371341e-02
1.258263260316651845e-07
1.815962703437054904e+00
3.179597841205257282e+04
4.200286540970324656e-06
2.123492517656166090e+00
1.447886952541177834e+03
6.716451833246496861e+00
1.253155317455583839e+00
