8.379911123919522309e-01
4.706636849283168544e+01
1.115243939112903746e+02
2.890184865727461556e+02
1.103750744490908042e+00
8.196437270696373956e-01
3.474581899585699185e-02
1.463473864180797834e+00
1.818442550080878739e-01
7.437940911403597699e-01
7.773048749542931235e-01
1.202761538671682562e+00
3.377536087336447529e-02
6.261977828867152374e-01
7.881341583564701603e-01
1.918846168859927870e+00
5.602735753127272011e-02
1.610749139347718462e+00
7.018487044098167260e-01
1.446622646431023229e+00
1.920807929157990257e+00
9.337109375132939708e-08
1.477103039792707628e+00
1.373548122647191398e+07
1.480425568065899533e-01
2.629814213839536915e-07
1.677073967575495761e+00
1.220906462616505742e+05
1.799929083031721611e-01
1.207668949564371713e-06
1.664778960132261565e+00
2.131593707475517931e+03
6.298898644597904217e-02
2.151138496175801769e-07
2.093753530222483672e+00
1.419029892359764199e+05
4.034672012976440314e-06
2.410678606723150708e+00
1.144239834429823077e+03
1.933385318159061021e-07
2.267804107725605256e+00
6.024076586209629750e+04
9.303414538132512845e+00
4.047197310900993994e-01
