7.712446228885999622e-01
3.123238427658833416e+00
1.517641550378242243e+02
2.937475787814229307e+02
1.969881604058723923e+00
1.106819831430584378e+00
1.829004291284622719e+00
3.057033703571425121e-01
1.744647538688145483e-01
1.838560289322408448e-01
4.899717511836134687e-01
3.837025863772480228e-01
1.177509311925729829e+00
1.486279435522210646e+00
3.498584503739868845e-01
8.293668450819052795e-01
9.409592768207326596e-01
5.108859825594586068e-01
1.346474307920829228e+00
1.167821967495858426e-01
4.046604456994172261e-01
5.031479352241272629e-08
1.401166432414316709e+00
3.496156241527433507e+06
4.935503345949678322e-01
3.665797061191747132e-07
1.451996652207827143e+00
1.136277672827783827e+05
3.234623852153742374e-02
3.142421627268136296e-06
2.117212113095896520e+00
2.153148254008109689e+03
1.349870215116381195e-02
2.759610665298691296e-07
2.225754863022013641e+00
3.984874220329655800e+05
5.686152723677898682e-06
1.403874322446931444e+00
4.282618988058596443e+01
1.725977358790082951e-07
1.927089511631492558e+00
9.827117041219290695e+04
1.272870462951078085e+00
6.454750325201583649e-01
