9.606935571999972723e-01
3.028065986198215853e+01
1.902391653504278679e+02
3.137440145499843425e+02
1.497075731239636109e+00
1.882691281271263062e+00
1.877952537278574086e-01
4.769568305567610800e-01
1.867429763014579747e+00
8.648291852456719830e-01
1.267374813433622682e+00
1.653908530108186614e+00
1.660605353362933689e+00
1.304851981850866816e+00
2.067557501631014649e-01
1.375786545366346258e+00
1.814268419939067067e+00
8.370952526434069507e-02
1.777889900368776699e+00
8.261633621701165442e-01
1.769715341686617149e+00
2.284808177977113214e-07
2.365613765463600249e+00
1.710310422257479047e+06
3.727353125490997510e-01
4.393490593496131149e-07
1.513352220314585495e+00
2.995404655778739834e+04
1.932954340956290554e-02
2.091682626238660106e-06
2.194814536349927181e+00
1.141311717982278424e+03
1.635596828485694765e-01
2.031087001172165414e-07
1.545723908527652846e+00
3.843173125041935127e+05
3.111529518653045794e-06
1.900718518598954798e+00
2.243224777960284882e+03
6.736958943670112884e-08
2.438161428142718190e+00
5.093668775066940580e+05
9.328462464416224620e+00
1.335622275667217806e+00
