8.313495094263705365e-01
6.476769141925822737e+01
3.120086077628737939e+02
2.766065660424964676e+02
8.370393697879786599e-01
1.611510221543141830e+00
1.465542013974032498e+00
1.286037839933975802e+00
1.131360903428450415e+00
1.623119664975102960e+00
1.296732010903761001e+00
1.260333943511532606e+00
1.016690171361996464e+00
1.209796162249437312e+00
1.215725445353781596e-02
2.079934963548694671e-01
9.923167676144759586e-01
8.041853494875380592e-01
1.105902487656959643e+00
1.332673191648019007e+00
1.484850933651885585e+00
4.050832314761976539e-08
2.485988390412227744e+00
1.183644947971357778e+07
7.870677750501210435e-01
4.586774392219586867e-07
2.299661442214091078e+00
8.419270657072373069e+03
1.091611044110069595e-01
5.201214316838705883e-06
1.632159827958667986e+00
6.005013509160044549e+01
6.145525620305232299e-03
1.861232430050511087e-07
2.396090377537178462e+00
5.121706487790369429e+05
1.367087248353732729e-06
1.632774913784929449e+00
1.951144695034447523e+03
2.158983286326329676e+01
8.764389895608672987e-01
