7.954036153313323032e-01
1.613474934880466094e+01
8.919097740018958831e+00
3.021042342040597646e+02
2.218586683285398431e-01
5.757924933070648343e-01
8.948095253162210994e-02
9.340798595840688057e-01
1.570623006801490806e+00
1.109252755915023814e+00
2.717690086635851099e-01
4.336098363781387133e-01
1.526309430105632359e+00
6.638923399385270319e-01
1.658611875675568337e+00
1.897406086980172990e+00
1.793862480916241564e+00
6.742665812224857280e-01
2.869955928667221046e-01
1.419723685490266174e+00
6.549361735543728358e-01
6.851658094757425178e-08
2.151554256471817972e+00
8.872650217224206775e+06
1.843137570662913699e-02
4.730184245922801489e-07
1.671096313988017945e+00
1.476089281643321447e+05
1.496246249772585114e-02
1.182310001736053480e-06
2.063252125454615449e+00
2.193312126819238074e+03
1.254894615107384204e-01
2.879470279991423261e-07
2.013406201940874496e+00
4.583672734542721882e+05
4.677611717887399100e-06
1.434056874301788298e+00
4.504936593766685178e+02
1.055935685797501833e+01
1.162556894713947742e+00
