8.057757323447695130e-01
5.262069249000958848e+00
5.514065835236563373e+01
3.063044289661261814e+02
1.226878996558094626e+00
2.109734848441620902e-01
1.537047264247846989e+00
3.970223802920793375e-03
7.592508081483919646e-01
1.631996094639349248e+00
1.882341434128159019e+00
1.717692084013634268e+00
1.827556560055108692e+00
6.152993949763551074e-01
9.813408864644030949e-01
1.056079405014211936e+00
1.072864352616947903e-01
1.475020078701323012e+00
1.837951850422764599e-01
1.521232399138727986e+00
1.201020211164878226e+00
5.575058719270906613e-08
2.321150939756228215e+00
7.912482622639906593e+06
2.335561555119651800e-01
5.553995255664096425e-07
2.349318373982594021e+00
3.739466660353703628e+04
8.626666816871196575e-02
3.475292611538005663e-06
2.067436185561584594e+00
2.433091598597697498e+02
1.491475551814100686e-01
1.244331891634241916e-07
1.630803689381517652e+00
2.047144071142563234e+03
5.712881825886250152e-06
1.847330211055282279e+00
2.151030459959679774e+03
1.700024375200473870e+01
1.374198779471111909e+00
