7.756336181533411978e-01
-6.342812743508397944e+01
1.444630367107585300e+02
2.480470672083255863e+02
1.868197569860987839e+00
1.012082791468807530e+00
9.967018204057093156e-01
7.492750317436196184e-02
1.369476171884056459e+00
8.615194249113611313e-01
1.026967783788335087e+00
8.767768082891959081e-01
5.956315748318743442e-01
1.997219008368472881e+00
1.665747572772747542e+00
1.515139063048678736e+00
5.227714398046562350e-01
7.858350812486069037e-01
1.502938729084001057e+00
6.475742780744192517e-01
1.606826481480660984e+00
1.513479986949633809e-07
2.492850175933043033e+00
2.801202696986698080e+06
6.335102507980107100e-01
6.490762504986142974e-07
2.474377788987903948e+00
7.532336620916855463e+04
1.513143543542992686e-01
1.143807665857103239e-06
2.355029464419772900e+00
3.609096688997577189e+02
9.048913443297446069e-02
1.387111971329490245e-07
2.100309905170550273e+00
1.937424480971041776e+05
5.031951186592990843e-06
1.517521798514288145e+00
2.072712699041227097e+03
1.497200719974971062e+00
1.662932856819692162e+00
