9.113277111928629326e-01
6.532747754982227661e+01
2.560842202935331215e+02
2.762847630762331050e+02
1.457559392189932801e+00
1.358894802913843680e+00
1.140310102754565014e+00
1.311381886963351784e+00
6.940155115199073688e-01
5.487875220259018638e-01
1.080180128574127485e+00
6.817850298177611235e-01
8.797497270054240870e-01
1.024998596558307051e+00
9.297659805197361349e-01
1.391766266104289773e+00
3.958275889973343897e-01
1.587748935087603064e+00
1.607009282727256405e+00
2.687315073170825075e-01
1.840809560008076939e+00
7.577994590416076008e-08
1.742366663125403559e+00
1.498062401710281149e+06
3.826895950555486148e-01
4.142071946165810508e-07
2.138801428399428328e+00
1.267560073260664067e+05
1.988801012520408917e-01
2.528343394966136444e-06
2.394621243827662393e+00
1.556889145640902825e+03
9.246100684741874465e-02
1.353160807356740993e-07
2.269840577137514082e+00
1.177269620591892271e+04
3.218539894317172181e-06
2.479934375802332447e+00
1.718914752525701033e+03
1.884776554762596845e+01
1.009388461713575325e+00
