5.696236150740676685e-01
-3.173698895104555362e+01
1.688478119691194834e+01
2.849952305177351377e+02
2.073417266011512716e-01
9.165009900581637670e-01
5.557529520472158646e-01
1.644770820040975412e+00
1.390977866277709918e+00
2.451320914544527496e-01
4.945164010643720021e-01
1.961117123480023761e+00
1.168102613886198071e+00
3.081638656873944559e-01
9.820957978024179580e-01
1.965652558626533319e-01
4.071384039761171136e-01
8.386145117995728038e-01
1.298319923176963764e+00
8.763575350329512181e-01
1.210969399641536715e+00
5.034948061481718779e-08
1.710206777166657588e+00
1.333412068485828675e+07
4.234989585588324057e-01
1.839314231004316711e-07
1.949176175855053206e+00
7.947473973719867354e+04
1.811503972828033548e-01
5.628203618825282790e-06
1.552014406506874833e+00
1.356070348238339420e+03
1.629542897518677647e-01
3.137951101083136106e-07
1.723305456384635725e+00
1.431947761689379404e+05
4.613266682335630450e-06
2.243775074702991645e+00
1.120793191893633320e+03
1.578300033542037035e-07
2.043366778182919674e+00
5.009989212563913316e+05
7.898190236385799423e+00
1.356439716289771669e+00
