9.894892871637694931e-01
6.906324709440127663e+01
1.248800824070112059e+00
2.703422009964477297e+02
3.915231555387090889e-01
5.429580994874417810e-01
9.266898675128325547e-01
6.538373888694570812e-01
1.980347151770657455e+00
6.008180963682038245e-01
1.747933163543605506e+00
3.483290650652676179e-01
9.465228827032515779e-01
1.854405262004877653e+00
1.372434179324146353e+00
1.850046600044254586e+00
1.850948589951222134e+00
1.334058510961253052e+00
1.036480559371863119e+00
1.807894274995391237e+00
6.453438329064178393e-03
2.000863080985383749e-07
2.234347762080560074e+00
1.111248461438573664e+06
7.576190903539788968e-01
2.933616949558522544e-07
1.741403221964928694e+00
1.591500883055040904e+05
5.557781338674630534e-02
3.307857638864785047e-06
1.626717539739663154e+00
1.571427499930437307e+03
5.582779697112436740e-02
2.009562648797265341e-07
1.473618563765194400e+00
1.329461071562018478e+05
2.340629835151112371e-06
1.893330344831849033e+00
8.842952345298698447e+02
1.468254295077197151e-07
1.894249518474470761e+00
5.460490135903337068e+04
5.233619855941547883e+00
1.548705854066055876e+00
