5.424123563127664083e-01
1.400890425597495437e+00
2.275011546804772422e+02
2.939473781271529447e+02
1.875667969258168366e+00
5.953617106803020809e-01
7.390184548518848873e-01
4.358771964310186875e-01
2.714929960553658095e-01
8.541440663339886497e-01
2.246459824469483335e-01
4.927620115671345613e-01
6.178965809826477695e-01
1.196623670268317063e+00
1.078916195180887216e+00
9.017841398223314098e-01
1.298488280676062034e+00
1.646305087270568235e+00
1.923636386165272105e+00
1.624936745782305181e+00
1.974873079514354535e+00
5.282641601664679106e-08
1.800087119842697980e+00
2.215154112927488983e+06
6.648647663623243886e-01
5.926902371644628897e-07
2.123194381091743299e+00
4.550604110004501854e+04
4.880084520718380031e-02
4.711498603998845634e-06
1.967569957047239360e+00
2.167616898314868649e+03
1.271971023847457694e-01
2.297724806585128693e-07
2.194206036106652657e+00
8.371194362837381777e+04
3.850987945331614940e-06
2.287083777350777503e+00
1.897768855148272678e+03
4.943688304667427520e-08
2.267220530051590632e+00
4.624017140416019829e+05
1.004337523339935778e+01
1.586822142197916952e+00
