4.813958368110113906e-01
4.766913799708632382e+00
9.656962954238775865e+01
2.995102088900993635e+02
1.120371758899060932e+00
9.517606883373709303e-01
1.081285189567738003e+00
1.396552977143879382e+00
1.543699576686728969e+00
1.580593076522255336e-01
4.876754718483238271e-01
1.121654097672346806e+00
3.840074915769686736e-01
1.476676854062702660e+00
1.436085980597218814e+00
1.991676588670620252e+00
1.741391029674204116e+00
1.092722759178994307e+00
1.699158752278520312e+00
4.491639883509366410e-02
1.502821097359551272e+00
1.249280073972751457e-07
1.857280651414999095e+00
7.945952005055001937e+06
4.949952879540202577e-01
3.187416749450088164e-07
1.574590848041325764e+00
2.351301916724657349e+04
1.833074254685526927e-01
1.391583646716699050e-06
2.425536114948069422e+00
1.691703365455061103e+01
1.456555307231221785e-01
1.523462282326511115e-07
1.644515789168546016e+00
3.874858028969093575e+05
3.826288968537761638e-06
2.240985126194150023e+00
1.372618448386737555e+03
2.064069018611535355e+01
6.569599194209204684e-01
