6.318863268969138192e-01
6.230387121424760721e+01
1.432527229926442658e+02
2.911100462281569889e+02
2.993634286640916575e-01
6.075756301657383451e-01
5.445393234783099112e-01
1.269452770766701821e+00
1.652370075665238192e-02
8.976096889603917273e-01
1.600051889946396688e+00
7.868176029296543028e-01
1.064581770451798359e+00
1.772713076446825076e+00
4.417009010139105185e-01
1.570982296172328097e+00
8.010173516470064925e-01
9.063193405021590099e-01
8.177282774136696020e-01
1.706539692903842997e+00
1.571831241643670163e+00
2.493180347416594285e-07
2.305604428790299920e+00
6.695928905363431200e+06
8.196635189523568399e-02
2.311703763560026394e-07
1.658922266981800231e+00
6.287660605550221226e+04
1.053962542894001930e-01
1.707439422306312541e-06
1.926922754843214847e+00
1.905318517083680945e+03
9.348420894789169489e-02
2.900848531775366658e-07
1.932321946338763752e+00
1.245443824373230163e+05
5.406605118241872134e-06
1.974137705032307011e+00
2.217272682907263970e+03
1.774922808093501144e-07
1.735243980126517371e+00
2.179878933677623281e+05
1.179303909526498906e+01
6.228230891200223773e-01
