6.572500028339145484e-01
5.328814936174305217e+01
2.180445727557960538e+02
2.882232542824607435e+02
1.581631852709885155e+00
1.980912391278906171e+00
3.852604870117413705e-01
5.080376044077012931e-01
2.239876533217649845e-01
1.694082733700775556e+00
1.766179404979378198e+00
1.348368134762728099e+00
7.650389592512517600e-01
3.648652057679080962e-01
1.548485914971168720e+00
1.732164747904247459e+00
1.134003160584823977e+00
1.540130448554473563e+00
1.774956494597276668e+00
1.246498343935000142e+00
1.939394366779346290e+00
1.711918350673415005e-07
2.066907911011314880e+00
8.218660348975037225e+06
7.767224024279587580e-01
5.445078644074322485e-07
1.686204472418307621e+00
4.147065757488406962e+04
1.690848493782951822e-01
2.110697089935956897e-06
1.534416813945752578e+00
1.681394750133526259e+03
4.235314894944311459e-02
1.822143825757619661e-07
2.054733902729368289e+00
4.766364086289964616e+05
5.464484681269334202e-06
1.486429712175967977e+00
1.027632032644342644e+03
5.155525135326027630e+00
2.247826574408512690e-01
