5.307562724166204893e-01
2.419640777133834320e+01
6.868640445489550928e+01
2.828021721677883420e+02
7.147001802816747018e-01
5.001425846890855675e-01
4.004762790725250321e-01
6.391848850615753364e-01
4.653407283709392050e-01
6.434598073881360181e-01
7.407055239717498241e-01
2.968406793591756854e-01
1.265313824408751620e+00
1.462584024872900290e+00
1.322424091246038103e+00
1.234690965929754913e+00
4.999641926354988497e-01
5.488248970348840183e-01
3.090792464789382521e-01
1.822894144483669709e+00
1.493857005495948354e+00
1.524487791495997925e-07
2.490091357318658716e+00
6.159633428836599924e+06
6.643977081515588246e-02
6.890269701093268503e-07
2.151554499991718217e+00
6.113037266735955927e+04
9.390422012473359503e-02
5.284565399084410788e-06
2.336693550405974040e+00
2.285600440365579743e+03
1.548071948224587768e-01
1.002522154233520722e-07
2.324656108326150772e+00
3.677543034140812233e+05
3.625124437436145576e-06
2.408535940357550142e+00
1.702537173388405563e+03
1.967227204459545062e-07
2.462060410174192526e+00
2.661285714955640724e+05
1.882352599306413765e+01
1.748546483509286098e+00
