5.227624160937546227e-01
-3.970035504703290030e+01
2.353216103883123083e+02
2.861895551301132059e+02
1.751726551604219084e-01
1.205220179957203347e-01
6.374405135440510684e-01
1.817253893999965175e+00
8.030225042592088469e-01
1.788833973310173908e+00
4.839006240755940047e-02
7.883359354310535139e-01
2.955191523391388908e-01
1.264610628344547516e+00
5.916673406869551455e-01
1.610459870030767904e-01
1.020267722809581112e+00
1.835703021692806969e+00
1.544833083842929389e+00
8.623223443289150525e-02
1.354077859365192760e+00
1.767661449021792414e-07
2.140558673152999525e+00
1.184226658836806007e+07
2.282712843967361349e-01
4.001574290236892837e-07
2.093929357822481574e+00
1.527970920939548232e+05
8.800635195541472999e-02
5.676964437973747894e-06
1.908305546716948076e+00
2.009730135927811716e+03
1.372550629216891527e-01
3.119916803762705468e-07
2.224574757564668825e+00
5.558331381493834779e+05
3.893577660458294948e-06
2.473524277357704193e+00
2.272868819629360928e+02
1.117431451721971064e-07
1.864812348922564311e+00
4.759925534688930493e+05
8.684049808064530751e+00
8.459908451440107946e-01
