5.024899369940147853e-01
4.465908484561441583e+01
8.469969057283962854e+01
2.754848488697649032e+02
1.169552138082234016e+00
1.732259625453244967e+00
6.030771216821105840e-01
3.873251914551657515e-01
1.027714174022735572e+00
9.923341172863280324e-01
1.206144125530496547e+00
5.837710540668590298e-01
1.188515161014862764e+00
2.737647856171931959e-01
1.157933806128526255e+00
7.646768231355735024e-01
1.713694164435632494e+00
1.650471225408722598e+00
8.270446305734779902e-01
1.264458689012130765e+00
3.788756944737472487e-01
1.192274663386255702e-07
1.650996429862776393e+00
4.155169315756054129e+06
8.641500108101765054e-01
2.713682521699955282e-07
1.754698266069339763e+00
1.553620036570105876e+05
1.571459581797960137e-01
1.989379528631304904e-06
1.464017407947730609e+00
2.797997279393447343e+02
1.944282231445868536e-01
2.463002719828173106e-07
1.553505977425835072e+00
5.670446569661610993e+05
5.711948123299554550e-06
2.211765042035513051e+00
8.310571668370104135e+02
1.647788105530677427e+01
1.268627200317843817e+00
