1.549812160117205184e-01
-6.445682773985834046e+01
2.145075156678445296e+02
2.490095844495074004e+02
1.375102556618716498e+00
1.614242199084820584e+00
7.254002139974276286e-02
1.834828294282815797e+00
2.035165586422822692e-01
3.617329380567388397e-02
1.084622414371928523e+00
1.818047030005597975e+00
9.082739516608895336e-02
4.931581740013993298e-01
1.300368770370193161e+00
1.338844553371926205e+00
8.741223077799621377e-01
1.479524205651467028e+00
1.737460810847353709e+00
1.771584479309384896e+00
1.681338729574093582e+00
9.785371458558518235e-08
1.466860375086887380e+00
1.257650712570243701e+07
4.675971033433267143e-01
3.324786888777680956e-07
1.552069882533758882e+00
9.907656399276139564e+04
1.088207206794149090e-01
2.734248875270225068e-06
1.484193512083080480e+00
5.011676193880190908e+02
9.697052101591256690e-02
2.709146207460052222e-07
2.112391093788358987e+00
3.461488863394581713e+05
2.123182199157963777e-06
2.282834740879162716e+00
1.141368039253034340e+03
5.103082776643018859e-08
2.322889080802142736e+00
2.210830993947605893e+05
1.816880486795917093e+01
1.256622000704906428e-01
