6.675716269310787432e-01
5.546894702428667756e+01
2.371873124630828329e+02
2.862485021211235221e+02
2.856578039119702095e-01
7.442685163232573009e-01
4.872546765170927829e-02
8.741713172609715254e-01
3.683811691186494319e-01
1.539691027193884620e+00
1.195314272891769836e+00
1.105368782201495481e+00
1.926807389364268763e+00
1.523944654629811213e+00
1.112983671046390510e+00
1.959885015770311600e+00
1.459386740548073158e+00
1.348657830007075065e+00
7.238186949374479651e-02
6.392216261466574512e-01
1.373442958902646005e+00
2.256862464571867669e-07
2.366850608568078496e+00
3.820996140810731333e+06
9.512254982815093740e-01
6.918592816416236344e-07
1.884087554112896967e+00
6.161923299499160930e+04
1.262652414242987076e-01
3.094614686627378775e-06
1.922945163574633298e+00
4.900346709014938824e+02
9.531168187638215661e-02
1.832120795575173854e-07
1.542817412293166379e+00
1.442726792802039708e+05
4.258068377746294366e-06
1.919666991308259352e+00
5.580148989488666302e+02
1.456028328398984772e+00
9.167681500615013634e-01
