5.747724169938948080e-01
-6.955205040958598772e+01
2.422213178704193126e+02
2.514993811840583078e+02
2.361740959471923806e-01
1.305371397153814783e+00
2.840640027417153934e-01
2.669688742846753615e-01
1.209606899794850449e-01
1.936048901790058840e+00
1.796926084272989499e-01
8.713727503151107168e-02
7.642090585866974095e-01
1.258140181823925063e+00
1.751152373996993195e+00
1.505174370178723686e+00
1.906237636460453189e+00
9.386402549598960032e-01
7.881744112382189638e-01
1.733337319214674599e+00
1.973992723410751937e+00
6.475109650107055824e-08
1.653704176880408161e+00
2.370719516364283394e+06
9.653474024997654723e-01
5.459076723775777692e-07
2.263773019274865739e+00
5.636017707200002042e+04
7.821642013345714295e-02
1.634711545372476013e-06
1.632989890190128524e+00
1.937391721730770769e+03
5.092698678136610771e-03
2.614977578204754157e-07
1.864712129823821396e+00
1.458839276448147139e+05
1.489150228322033612e-06
1.442539293281888346e+00
1.502422549633108417e+02
1.485781225644149396e-07
1.452210496184079158e+00
2.351316217890077678e+05
6.404581940743264035e+00
1.278670435851149589e+00
