4.659001387622941914e-01
2.232783015140121563e+01
1.370890286230899733e+02
3.064870175585096490e+02
3.419502430361197054e-01
8.596632080118487007e-01
1.924724720135640776e+00
1.571616409318213003e+00
1.911983369282246104e+00
9.304120139199070216e-01
5.790213981094302076e-01
7.833153182690485439e-01
3.144216145777073423e-01
1.592674712935829850e+00
3.665176260426544763e-01
2.156540905347368864e-01
1.724016323159544894e+00
1.201451145713341662e+00
2.077456510148973923e-01
6.437613890213307322e-01
1.032288902825764104e-01
1.458673263379863786e-07
2.293141588570565048e+00
1.220410924862916954e+07
2.587757735277596005e-01
3.014396775253286933e-07
2.068673411782908200e+00
1.230096497835609480e+05
1.135641014892679740e-01
4.605882886009000771e-06
2.055995455412807704e+00
1.823703806483786821e+03
1.529998287337308860e-01
2.081212789140416879e-07
2.197837330026550351e+00
4.095078762345954892e+05
5.439009346381556745e-06
2.141662729842463531e+00
3.255732293203344341e+01
7.700918848112887183e+00
1.167609119998489042e+00
