2.269642878596418167e-01
-2.775557878883859075e+01
3.263457190331744187e+02
2.901172351117382391e+02
2.945219304314700137e-01
9.602865763867050042e-01
1.353343292416314403e-01
1.005460982786305246e+00
9.050100158193929989e-02
7.884480458276587056e-01
1.662755252137793072e+00
7.589205989619784987e-01
5.358154825055641383e-03
1.135081657100046826e+00
1.351189064304787912e+00
7.336565687451434004e-01
4.848250906230601176e-01
9.727410585488361905e-01
1.009480263122871424e+00
8.309854639827833900e-01
3.520234014184019378e-01
2.203144329566840378e-07
1.893703284786882435e+00
1.083131407461050712e+07
1.716178592206941411e-01
1.925376333490250532e-07
1.525760775384455759e+00
4.213680448358663853e+04
1.764784327495186877e-01
3.584664041144503040e-06
2.042206593943470150e+00
5.592605850117347188e+01
1.523721768849054525e-01
1.457386461018382338e-07
2.381447478917791294e+00
5.242485403235535487e+05
4.082037277230756827e-06
2.065276833461457517e+00
1.275325403708424346e+03
1.604337001494070459e-07
1.908350720375668885e+00
1.113712839371223963e+05
7.538283244275830519e+00
9.294512638943120963e-01
