5.202435729137389053e-01
4.865055054306620264e+01
2.278909754879079230e+02
3.055433879669939756e+02
7.230233420871791106e-01
5.223796228008124043e-01
2.836340672463059653e-01
9.432729466201282831e-01
1.834756617189364114e+00
1.655746559240606208e+00
1.426084041174528361e+00
1.888842645522482933e+00
2.297808571737027517e-01
1.013471094974820907e+00
1.305380837415156314e+00
3.974104222417827459e-01
1.515753182291993850e+00
1.976822841338329972e+00
1.451342722337760627e+00
7.337489843479488849e-01
1.755943033556007782e+00
1.026656010715788992e-07
1.789139626723303289e+00
9.831012672104887664e+06
4.136019527711345400e-01
2.896521943844859044e-07
2.266644951005842845e+00
1.203979502672613453e+05
1.655184022972614744e-01
1.645407473252507145e-06
1.597284060727072408e+00
1.134600022289639583e+03
1.772903540873059791e-01
1.471563213824909067e-07
2.453005892483904660e+00
4.124145000073703122e+05
2.839121290420849586e-06
1.664120799480845347e+00
9.628652501197270794e+02
2.291468036362323346e+01
3.127626800037228150e-02
