7.463765386836440641e-01
-3.686970817436742465e+01
1.200046636169538203e+02
2.947702433725714286e+02
5.159461905706151930e-01
1.640546643408489880e+00
5.372356514092565538e-01
1.507078741804477873e-01
5.546008816818359666e-02
1.672556311294063347e+00
3.974035341513433850e-01
4.164689202776942351e-02
1.362746545218920913e+00
1.046662005021071318e+00
3.526744944918112912e-02
5.490240024751096293e-01
3.110968355929096818e-01
1.469299563980661194e+00
1.185829161082796013e+00
3.879381772885983626e-01
1.669693029062711220e+00
2.015492932070808724e-07
2.162032126806869847e+00
7.407182677584175952e+06
3.172525485992018779e-01
1.925678477617080181e-07
2.273097770009893548e+00
7.131140190082516347e+04
1.887090189830649967e-01
3.314048247526382008e-06
2.296534615964378023e+00
5.490302920777298823e+02
1.812941606800260452e-01
1.007333025316230668e-07
2.486744219531254352e+00
5.598791229649203597e+05
3.924643682490315542e-06
1.410102581515803921e+00
1.821074470666364391e+02
7.860003188154689013e+00
7.158548870499589212e-01
