5.195086178040906333e-01
3.748483542212618147e+01
2.136545597270657595e+02
2.788977259353739555e+02
1.292170881469461241e+00
5.831542352778542604e-01
1.240616992138239505e+00
1.682767199337953379e+00
7.194949355221649245e-01
2.593219156247173474e-01
1.393467395583396717e+00
1.939983146613477594e+00
4.838350431446728495e-01
1.396707581850862523e+00
5.747976386278056404e-01
7.039477762718434617e-01
8.650412645872625206e-02
1.326000529588990506e+00
1.269432109488806582e+00
1.776814437672563196e+00
5.194218295068997460e-01
5.520408065197300040e-08
2.240199610248615247e+00
9.709144983398232143e+05
7.601051033963630577e-01
4.325135369503162954e-07
2.196566485663602908e+00
4.910267884411005798e+04
1.062800527925626404e-01
5.722945266518741152e-06
2.378245945493030256e+00
1.611112595058922579e+03
8.447428804523586521e-02
1.172967070374033245e-07
1.526465829101999683e+00
1.306081858696756535e+05
5.792804988214693768e-06
2.258669986588997425e+00
1.590904548124008443e+03
2.098226467029645529e-07
1.840491789446621729e+00
4.160664238131419988e+05
2.279640274456564342e+01
1.289673552172022397e+00
