7.272305362981192900e-01
-1.784044734657874898e+01
2.917389734791412934e+02
3.120351214094151828e+02
1.832410560997909554e+00
1.332136697423518257e+00
4.343552915424398475e-01
7.896891403271796284e-01
3.262957111027841028e-01
1.837486389805674136e+00
1.465749948741804365e-01
8.599972482949849173e-01
1.864957352927139933e+00
9.647337078163934487e-01
1.499194439970453097e+00
1.493024194207221544e+00
7.031273427481894434e-01
1.101624580317958735e+00
1.049830356455657476e+00
4.823831181903158738e-01
1.363167483547056413e+00
2.377096645601429421e-07
2.003689218346813128e+00
7.358362231790927239e+06
2.559481499363537582e-02
3.875990338148873481e-07
1.418824996468072586e+00
2.066690781557038281e+04
7.911823454469270323e-02
4.424045933015336362e-06
2.142773345264405549e+00
1.821317331234814674e+03
1.648375657058578359e-01
1.950534219558941625e-07
1.502797816609687587e+00
3.726851463065340067e+05
1.096054354769964797e-06
2.324674606498114304e+00
7.566146557811337061e+02
1.763707281166584109e-07
1.475798946699153458e+00
1.624176703148661763e+05
2.856305705576705822e+00
1.135655501713265680e+00
