8.720813479438359606e-01
2.252127795143205446e+01
4.777547061341822499e+00
2.755129654403434074e+02
1.161658125475284908e+00
1.734899480249285419e+00
4.442098698541865898e-01
1.971625759770636588e+00
1.487764118275038294e+00
1.568895449600539393e+00
1.836689919584655550e+00
1.609950279276436413e-01
1.301515435521403363e+00
1.237943089506308159e+00
2.169601738758921428e-01
8.319564020182882436e-01
1.092897493483938887e-01
2.207269972329567176e-01
9.739877642393616197e-01
1.629513965833498057e+00
6.759862509326655111e-01
3.567332258227085080e-08
2.464725165476296720e+00
1.471646227813479304e+07
6.406625238403398370e-01
5.095853525592596177e-07
2.087304169417753208e+00
1.438229838530599081e+05
1.686963596243687968e-01
3.197724012139527679e-06
1.837224287487183583e+00
1.931108244278252869e+03
1.060239154133783279e-01
1.351998010849058009e-07
1.420619424263022124e+00
2.387299208808483090e+05
5.952044272561353739e-06
2.229730043874741607e+00
2.256115278425335418e+03
1.688150755578967426e-07
2.205355277613812337e+00
4.642171952760969289e+05
1.827385002516848544e+01
2.410968465552968537e-02
