9.806508852458096781e-01
1.086601688854396741e+01
1.920302497680486624e+02
3.022387481066954820e+02
6.723621168249869218e-01
1.084907561495551009e+00
7.195354048816040571e-01
1.776798808609224123e+00
1.051978210688617299e+00
1.033599452647902428e+00
1.878217831489503498e+00
2.952328016592093984e-01
1.985758366084487303e+00
1.680807525858272866e+00
6.908360644763841263e-01
1.639494173786933129e-01
8.106017150466096055e-01
5.158411635610680168e-01
9.586926927304738610e-01
7.663282144690815034e-01
1.264659012117892223e+00
4.356190446773872617e-08
2.474982002597311936e+00
3.377119144490125589e+06
4.637247016944958666e-01
2.594071192344726922e-07
2.342925761339330837e+00
1.490101411618208222e+05
1.122888217882939133e-01
4.775576464587770379e-06
2.185283404878337166e+00
1.159012411617681209e+03
8.356635005889032075e-02
2.941715358840028676e-07
1.908534606343071705e+00
2.835493652307236334e+05
1.976398745277520859e-06
1.540100833902959376e+00
1.599852158457819542e+03
2.857008183708345861e+00
1.234194748887046833e+00
