6.399720789145562083e-01
5.535180432046060162e+01
3.715030205009129727e+00
2.488516810066911660e+02
5.543979198470887215e-02
1.323852144396715058e+00
1.972937073971869237e+00
1.930888168808808203e+00
1.051202010614218363e+00
6.732561553182629943e-01
6.124731749026356420e-01
1.558394393302069414e-01
1.591567043882434973e+00
1.175700304607399493e+00
1.985795477567570799e+00
1.217618825504016705e-01
4.525525416992911554e-01
1.029457263162156105e-01
1.065331387810597441e+00
4.991288627263570921e-01
8.043247257603788891e-02
1.123829454689045292e-07
1.650473935629718891e+00
9.006379041862295941e+06
7.751738421714434724e-01
2.069166680076958362e-07
1.701351573332405387e+00
1.413122564054944378e+05
1.312742473518569430e-01
5.878850610745416032e-06
2.127643760865303602e+00
2.208856817052837414e+03
6.447728336800129245e-03
2.568087830749369127e-07
1.612373469440121276e+00
2.442876717653671512e+05
1.676098876857708612e-06
1.977893517065858919e+00
1.298681628855121289e+03
2.457032216604621029e-07
2.353678127187621705e+00
4.701715738377348753e+05
1.327248899599721454e+01
1.681993374968521415e+00
