6.366103346326199564e-01
-5.818417442264968997e+01
2.933734721076911001e+02
2.790760794577904562e+02
6.906635481468630100e-02
6.127227146096154708e-01
1.768117444176579456e+00
9.837663179941944502e-01
1.467461685521826320e+00
6.138582860942105590e-01
1.171171288933093191e+00
7.627168441399043708e-01
1.050996136945370640e+00
1.261060804569466232e+00
2.038005264079363055e-01
1.044594928530227174e+00
1.680908335927526531e+00
9.150837985919120232e-01
5.928525059322841129e-01
1.797400521706753740e-01
4.489586592414066546e-01
9.824084862512600228e-08
1.758782685168957194e+00
4.595534022520145401e+06
5.367645804762619655e-01
2.447444904093472420e-07
1.660476736884253901e+00
7.991494551547967421e+04
6.516995374247178119e-02
4.497152760898122228e-06
1.700573298268702960e+00
1.426974121555205784e+03
6.341015211818351593e-02
9.605561283494863795e-08
1.818436054339201524e+00
3.048579547061400954e+05
1.198460104385204491e-06
2.439391980080586109e+00
1.485732480995995502e+03
3.890526458020797218e+00
9.446924358661072940e-01
