8.543383433260567372e-01
-1.755465754439032366e+01
3.253029794860772768e+02
3.005194184711073149e+02
4.139114874701759206e-01
1.263428205516794911e+00
1.509906937398516558e+00
3.626253571141883070e-01
5.393052477228654773e-01
1.750451762155870394e+00
6.605468164989237723e-01
1.328060965847131791e-01
8.461113798956230170e-01
9.546996843127306676e-01
5.122051524477932993e-01
1.151445965821178641e+00
6.464759339105499159e-01
3.713094786762343724e-01
5.671952906315514548e-02
1.897677130745213603e+00
8.616834938245805375e-01
3.513743415975080919e-08
1.458620287878670707e+00
2.151787924619524740e+06
9.627577190265932394e-01
3.967164695730613292e-07
1.840866821727505709e+00
9.335420660039683571e+04
4.530526154110926795e-02
2.794264970033965027e-06
2.359587969011928354e+00
1.247441898743457614e+03
1.199219032535961960e-01
1.689836737984519065e-07
2.122861993833486061e+00
3.588425960463550291e+05
3.271602203803757813e-06
2.032592723281740454e+00
2.233850262115168789e+03
1.781100222560518143e+00
1.111316004583098316e+00
