1.993218845413664009e-01
-6.497302464206100581e+00
1.593263671698352546e+01
2.975866776766323483e+02
4.665940955715333627e-01
1.203545429307526782e-01
3.333446618862814237e-01
1.665035742547620545e+00
1.164836681995634393e+00
1.577976995126306514e+00
1.101588244980795217e+00
3.075475545762466900e-02
5.121396618399073342e-01
2.481896403737060275e-01
1.136633037977510918e+00
9.195625229409436496e-01
1.932588332139231757e-01
5.170765147205955703e-01
1.640624344338879270e+00
5.217813975057294940e-01
7.893574138211912894e-01
2.060580832405841060e-07
1.566595655618793881e+00
1.187485753763285466e+07
2.021479714779347327e-03
4.975088363198557070e-07
1.872476093524245044e+00
1.053773993835182337e+05
1.956966075620779344e-02
3.058845401455815630e-06
1.764340699253502009e+00
1.150595029018604691e+03
1.584210881085701683e-01
1.199616454539452936e-07
2.392359315853970880e+00
5.185499990066334722e+05
5.469992722220413856e-06
1.932198205394843882e+00
1.150326298531805605e+03
8.888433297815223498e-08
2.389756960457109614e+00
4.084364271717557858e+04
2.170813081576790893e+01
1.568031164382739373e+00
