6.145190438418033363e-01
6.405665486827462018e+01
1.668436105975749513e+02
2.687585057097236358e+02
4.331791553314429666e-01
6.200814848247089284e-01
2.820520461239271401e-02
2.926839648058917054e-01
1.356953142798896117e+00
1.496062937946986748e+00
3.475639715376215855e-01
1.950216148010129602e-01
1.693613049026130968e+00
3.754533332975406035e-01
7.281377748246231629e-01
1.475407392334979750e+00
9.417112668156767397e-01
1.343636807720460791e+00
1.808428693645428575e+00
1.904378698958467675e+00
1.335428151029417032e+00
7.661047662953425100e-08
2.378205047744170741e+00
6.086379145921573974e+06
8.414004663244347704e-01
3.954718219814146400e-07
1.579219274948551632e+00
6.721480452784981026e+03
6.355752796845601758e-03
5.640565159384520955e-06
1.676154891457128260e+00
1.361923395714130720e+02
4.974838835344022603e-02
2.852271321391218192e-07
1.814807629098206920e+00
4.741496356672998518e+05
3.875613027773387385e-06
2.496721903268950715e+00
2.967584171485032130e+02
1.577260375795925057e-07
1.876197733804517709e+00
4.217182660189120797e+05
1.988104473142259465e+01
8.153868601480737111e-01
