5.348204247262857702e-01
7.334877510516733423e+01
4.213350700648835101e+01
2.387451989186004084e+02
3.512864319136099200e-01
3.538966599081654341e-01
9.181741578287625494e-01
1.241279999037331550e+00
1.619386507644686946e+00
1.914503755749743297e+00
1.465140028890493218e+00
1.741618547678149165e+00
1.810597912220696770e+00
4.379900959360832347e-01
1.719263136702270378e+00
1.568297360245984873e+00
1.532944612736740320e+00
2.028666872730138515e-01
1.022776697675826657e-01
1.970961422215899095e+00
7.720033517968264425e-01
2.332892379074940579e-07
1.637602431399536318e+00
9.277457685450123623e+06
8.517936233638684351e-01
3.426942009990393050e-07
2.083928923614233764e+00
1.510461880855108029e+04
1.366495067832427801e-01
2.020194460939830878e-06
1.407124428138705197e+00
1.867521314552544936e+03
1.091492971789010114e-01
2.314406640778340823e-07
1.739928966007709521e+00
3.815347482838097494e+04
3.045930540846094605e-06
1.598337585211096590e+00
6.857891020723604925e+02
2.245616122133749393e+00
1.509694001280018627e+00
