9.581538323674833046e-01
2.295809972697357182e+01
3.528768565586146337e+02
2.988791224413325267e+02
1.981799942884867827e+00
1.727744135631421152e+00
1.475276631019660334e+00
1.249761276405268573e+00
1.971559368906791399e+00
1.358022072266434455e+00
3.552257064636038519e-02
7.788258900043100175e-01
1.900067022800135064e+00
4.510770976842204960e-01
1.284631414819794371e+00
6.902578343733114519e-01
3.477847736870290918e-01
1.730052328346123991e+00
1.741427133557893914e+00
2.879572008263094340e-01
5.384204759037518606e-01
2.753886623402071734e-08
1.843503820930177284e+00
9.389521860427170992e+06
7.679980404671694627e-01
5.406646763281650685e-07
2.198365269669200650e+00
1.561931162719024869e+05
2.654885266509846367e-03
1.233575559720700626e-06
2.445567555076217481e+00
9.122273965116419276e+02
8.422259440806027786e-02
3.129842289239149236e-07
2.088507084902532007e+00
2.646297049339356599e+05
4.355730033475959315e-06
2.254849354944596485e+00
2.060684299548694071e+03
2.334113825234459341e-07
2.418521229164477759e+00
3.055782213945719413e+05
5.164430088984623524e+00
1.713879290360427410e+00
