7.694708826459599749e-01
2.984220310127695086e+01
2.391553770384225572e+02
2.814462409847345725e+02
4.295298587174780081e-01
4.453756650081733270e-01
1.619460934802521512e+00
1.790770881520900470e+00
8.457391656623853837e-01
7.304663802380704229e-01
1.578053161697480888e+00
1.007691304955771638e+00
1.448980156022171284e-01
1.774722068988325185e+00
3.387986226457302963e-01
1.875374830477636534e+00
1.394453362987270628e+00
1.687399387937595696e+00
3.563846910055227246e-01
1.623509827961563623e+00
8.365977761368872390e-01
5.174619643500446572e-08
1.801079825559346315e+00
9.380838952278625220e+06
4.783774136735255422e-01
3.526622842849253758e-07
2.054843038465339333e+00
3.754210258976921614e+04
5.734681400350231245e-02
4.600124160146032487e-06
2.177446666329209801e+00
3.207984896160904782e+02
1.434590630525892432e-02
1.130222761515377410e-07
2.144800410905317811e+00
3.572574445011958596e+05
2.473050554084943089e-06
1.465704967554516625e+00
1.882535486480845520e+03
9.541706437284346976e+00
1.320804281955930692e+00
