4.122500801102096935e-01
-9.473373866114073394e+00
2.873823726225526798e+02
3.001899586299520593e+02
1.684943467458962507e-01
1.488402366863407655e+00
6.427870934499141375e-01
3.384646841511900761e-01
8.238054393279637955e-01
9.065792771684976215e-01
1.943555106826941048e-01
1.246529639192436312e+00
3.146292216757694271e-02
1.644176516920393016e+00
4.828365438471962645e-01
1.909707114709701559e+00
4.553144877034844829e-01
6.941781909925307525e-01
6.922760229275103372e-01
1.120481037261878310e+00
5.463380987715354964e-01
1.922786043663249052e-07
1.561807784254987785e+00
5.441369904423788190e+06
7.370365505647655247e-02
7.063602228355898942e-07
2.488547332075407237e+00
6.318560395700373920e+04
1.620363061074825972e-01
4.681876359160631666e-06
2.046887452830215448e+00
1.115201123071626171e+03
1.394716004588349711e-01
3.193996503196422448e-07
1.949854715431830865e+00
4.286956901863440289e+05
1.671458444014908660e-06
2.462004950222671962e+00
2.013478031266454309e+03
5.350486577662739052e+00
6.235150267955754666e-01
