6.791364324821402843e-01
3.481851087418522184e+01
1.748027887999964776e+02
3.088358808231532748e+02
1.020738701793890479e+00
1.313867251575592698e+00
6.937599944546301023e-01
1.212432505369969604e+00
3.041084471408956880e-01
1.397397768133923635e-01
1.740084821054852793e-01
1.597785762536530596e+00
2.987766622176502573e-01
1.759353331238479923e+00
1.477064722506719052e+00
7.883680654833012946e-01
2.321407782994542868e-01
6.268694887691019790e-01
4.550041688014793140e-01
3.406940124097561085e-01
1.016512541027018823e+00
2.803738205523453628e-08
1.766244737153496613e+00
1.076245696681446396e+07
9.472406677434023203e-01
4.301568404916089828e-07
1.550429162473482725e+00
5.336347861163802736e+04
6.122756695037582381e-02
1.861679447560739607e-06
2.448617460483021535e+00
2.435136548484242098e+02
1.019263048628724216e-01
2.671522797429624710e-07
2.002991667309089063e+00
3.409756632121332805e+05
3.454711969770206892e-06
1.935358553205344334e+00
9.132910707709824010e+02
1.631989858863376242e+01
8.320306906898120580e-01
