6.769581920423373145e-01
5.837746428985389002e+01
3.317363065721932713e+01
2.325031590887516302e+02
1.596955903693518364e+00
2.512620223735617109e-01
1.117343242320404384e+00
1.305712719176288061e+00
1.970847675546452793e+00
1.767163736138189556e+00
1.190443154680318028e+00
1.563377888465470100e+00
3.916400279823518682e-01
1.092416296929327735e-01
9.282410610893863101e-01
9.603052843536227789e-02
8.327083390727947343e-01
1.638822176109936191e+00
1.391262681530435419e+00
1.035782179092272548e+00
9.006770226480101948e-01
1.500923202118201374e-07
1.608171205758819777e+00
6.600810935613919050e+06
1.912304921410903635e-01
5.338772838339378751e-07
2.463352180552850434e+00
5.454994232442524662e+04
1.936174915028885390e-01
4.778402852849735441e-06
1.920794815338867867e+00
3.439010141995228764e+02
5.207850101158632145e-02
9.947834689691585266e-08
1.519208324550479938e+00
4.725588720031596022e+05
1.736593613790482955e-06
2.084877902916247194e+00
8.038516629037110306e+02
1.641485606774919592e-07
1.784488265002969420e+00
1.115194448277462943e+05
1.655783636580467189e+01
9.881872923944212683e-01
