4.049449001560472272e-01
1.427598174102377016e+01
6.229630536492788906e+01
2.928852623840857632e+02
1.392928404441141410e+00
1.682394335626617110e+00
1.680597217519222975e+00
2.092286715771841110e-01
1.502623536164101381e+00
7.091460856702176407e-01
1.133765691228820316e+00
1.300374210195908375e+00
6.256467281203396125e-01
4.050334421146956076e-01
1.225763012096545257e+00
1.935365456013979024e+00
1.171107918538207171e+00
1.173822617281334635e+00
1.882972029332010910e+00
3.730473524190274781e-01
2.743682579229671514e-01
1.789526817954374791e-07
1.523256595953988546e+00
3.011641451657033525e+06
5.683562095693811544e-01
3.114035638017530045e-07
1.454524265638725389e+00
1.557142036163039302e+04
1.668624496620222109e-01
3.667877269904870566e-06
1.585514003103992708e+00
1.513915535088489605e+03
1.711977739186344993e-01
2.528109284072505591e-07
1.831775541176982713e+00
5.256095204814578174e+05
5.532233292899615281e-06
2.133937391432259467e+00
1.051059130682121577e+03
3.695035773898375453e+00
4.840857811662726412e-02
