1.220236406457905348e-01
-2.277385774218797110e+01
2.995037330982021899e+02
2.966285643957926368e+02
1.673635381255671239e+00
3.829339958342082295e-01
3.431018662264010421e-01
1.562877213634244145e+00
1.321053029910861820e+00
1.564039607415028676e+00
1.161841275695939313e+00
1.471967422285508142e+00
7.814692733959457405e-01
7.308362324679803512e-01
1.628727403032530718e+00
7.390560407720345726e-01
1.273241120853833286e-01
1.758923254105322576e+00
1.424641279933688720e+00
1.241286004144280808e+00
1.923802455046631721e+00
1.326554414935819312e-07
2.431369133769373470e+00
1.036710185785553604e+07
6.497630747213193336e-01
6.331858695437117367e-07
2.327517040159610140e+00
1.356586060347418825e+05
9.020369509726201829e-02
5.414830033271794465e-06
2.071538256490746299e+00
7.331939771087362487e+02
1.316125549540838602e-01
3.082337915472857637e-07
2.185456542954019810e+00
3.423509089867870789e+05
2.856794902256857495e-06
2.018961275331327521e+00
1.641797454904386996e+03
1.689352430568090224e-07
2.414170396284323061e+00
2.313957881013615697e+05
1.596752936947469337e+01
3.385622825875318487e-01
