7.235954737679544113e-01
3.452497622935055688e-01
3.441291701148035287e+01
2.907672448338871050e+02
1.372790672911633258e+00
6.867714035872062306e-01
1.727518411458891068e+00
1.556984644896411973e+00
1.911562145187156170e-01
1.784864936294446425e+00
2.966383397431775482e-01
7.061328937150337937e-02
9.104155435460647983e-01
1.808349889897634677e+00
1.447484074017882705e+00
3.182441052068822329e-01
5.549900723147291881e-01
5.740663354165287391e-01
1.939612514656344988e+00
9.176459964854455365e-01
6.863316069094775873e-01
2.133380963767499368e-07
1.826566017722351942e+00
7.626444441821862012e+06
4.306356594831077245e-01
5.317094069217741325e-07
2.286688216689314324e+00
8.557682442727946182e+03
1.904961652166666797e-01
4.839481715176385137e-06
2.437882663313090781e+00
7.862496220079907516e+02
4.477134496632768218e-02
2.212557656619303350e-07
2.260698964299417746e+00
4.840972641316762310e+05
2.999231827445854804e-06
1.655862977061183017e+00
1.305160358759691007e+03
5.561979030610735286e+00
8.005409500270422862e-01
