5.757700241388630236e-01
5.321163588866652105e+01
1.879207281616920255e+01
2.587027279108280595e+02
1.887859464583752755e+00
6.464960150173891806e-01
6.506970387665855782e-02
5.343234235363118756e-02
1.486817948024435676e+00
1.455078224234824136e+00
5.568631537745314386e-01
1.798379814057902593e+00
1.130940147612711666e+00
1.236362385240585615e+00
1.966358708522708332e+00
1.438482447518946994e-01
4.117976517550108184e-01
6.421416999759526067e-01
8.692109234865230682e-01
3.172049194524901861e-01
7.126589811595309687e-01
1.573905397438964470e-07
1.543280166995487646e+00
1.365336326698837616e+07
3.127583223944855328e-01
6.688331265885830232e-07
1.556114820705663648e+00
1.312328068421497592e+05
6.224091910883279566e-02
3.907673503950648793e-06
1.733736586573507044e+00
4.523007884330431239e+02
5.392924196463413922e-02
2.655258422320809137e-07
2.339425127504290991e+00
1.376003483792765473e+05
2.484126875487112386e-06
1.867919526543711850e+00
1.224738267978253361e+03
2.256419574615905788e+01
2.027971130950554091e-01
