3.016143941700208941e-01
5.858162045199600243e+01
2.792363097391000792e+01
2.779774101299459517e+02
1.922952950817627071e+00
7.287123104459040102e-01
1.732839488949155848e+00
5.864142641856320282e-01
1.280729527281633473e+00
1.825373718927819078e-01
1.656818013917564114e+00
2.705712372795962550e-01
6.566963433181587373e-01
8.453386864367981035e-01
1.914900025613236245e+00
1.023386066893008595e+00
1.120654806804527226e+00
1.635480947047135869e+00
1.609143970192259632e+00
1.955924628615633099e+00
8.424152374282549705e-01
7.344603081784118525e-08
1.685694472886451800e+00
1.226762459331671009e+06
1.623457437555806959e-01
4.374900402865778430e-07
1.920761635477552520e+00
9.274140482483631058e+04
1.919479278694872226e-01
4.179179403667805517e-06
1.880762725832412441e+00
7.070424241741874312e+02
1.238671621482401453e-01
1.705946836692836538e-07
1.663613779522159941e+00
5.145991491832249449e+05
2.619969434643431835e-06
2.066967466210452020e+00
2.078237725668367148e+03
1.436421387703115116e+01
1.220523738216206855e+00
