9.515866966258812454e-01
4.178528808891618951e+01
1.758158537441881890e+02
2.943558808986203985e+02
1.655418480256329428e+00
4.962547836908419441e-02
1.288633912099773182e+00
1.636352268772117480e+00
3.278984264345934097e-02
1.162384305667645279e+00
9.754942442234411093e-01
3.975023858130608545e-01
6.806629407516859853e-01
2.297824087850418584e-01
9.046729606074899177e-01
3.603747771643624476e-01
1.649061622163230600e+00
7.200146404126853694e-01
1.045431243280662947e+00
1.689162355732023002e+00
8.464065925067714158e-01
2.084714684614485328e-07
2.058679077806236712e+00
1.382731434436695091e+07
9.187353355929682719e-01
5.867266367939415441e-07
2.019031847113779587e+00
1.193207603837965871e+05
1.526302679671470708e-01
2.704869512034930451e-06
1.724341077195338245e+00
2.154755549477050408e+03
1.570346154500905089e-01
2.631357976030723303e-07
2.410814163142344757e+00
4.093646448356147157e+05
2.130545512743919923e-06
1.711176727003658860e+00
1.249464325899174582e+03
2.346897495447369408e+01
6.976741103157648727e-01
