7.847777342434076875e-01
-1.213847986107265342e+01
2.763662832497190607e+02
2.918761751496264196e+02
1.079702994910508140e+00
2.196189169256355933e-01
5.850026301400532702e-01
1.524197222845048216e+00
1.457724435930445539e+00
1.842356502614439950e+00
1.373191903445073025e+00
1.360687209655364827e+00
1.291527773243001720e+00
9.134688091716302027e-01
1.131306907426759656e+00
1.310441645355995721e+00
8.659287315716713840e-01
1.801448481825654424e+00
6.152161617534787075e-01
5.747492508416185419e-01
1.317156698307010987e-01
1.444313008175179860e-07
1.735826419576789625e+00
1.239926153546270216e+06
9.815926880509753261e-01
3.771094405837750015e-07
1.540991613019419670e+00
4.585221811365723988e+04
2.454402082855185185e-02
1.077648658493559713e-06
2.276699837656271264e+00
1.311658730895615008e+03
1.405718148251495769e-01
2.589993985021086537e-07
1.846001555031458130e+00
2.481259129174487316e+05
5.253200946122922050e-06
1.865360045966534264e+00
1.767135816077358641e+03
6.171506159269396719e+00
2.512350968209843827e-01
