2.610231789450603301e-01
-3.431828287400340116e+01
1.533963791480294070e+01
2.955537913200747084e+02
1.956022878425640821e+00
7.653765968384438345e-01
9.773435651515522543e-03
1.248286755517762581e+00
1.135866478659577794e+00
1.414859898000706995e+00
1.103593085352936987e+00
1.354862736012336866e+00
3.811231210472372233e-01
1.616188451700872886e+00
5.242792483872862896e-02
6.271126934001896025e-01
9.053054698568943071e-01
1.924615763375641997e+00
1.551183032923221239e+00
1.965141156018870516e+00
1.571024000173895763e+00
6.248453509695501818e-08
2.469373409691577148e+00
5.499560364900004119e+06
9.523184206946707642e-01
3.160597595257087870e-07
1.649859648790296784e+00
3.320569906846944650e+04
1.211360242813358107e-01
5.597222144906115432e-06
1.982104829805386048e+00
9.942282278080235756e+02
9.110821047449829679e-02
3.052766339176208151e-07
2.409287899685778278e+00
1.719819277413496093e+04
3.096478147910971599e-06
2.267594933675585622e+00
8.528629247293366689e+02
5.284244351483270208e+00
1.405113462584114625e+00
