5.284664120318498526e-01
8.788332200335739230e+01
2.738247737580990133e+02
2.563709844425050051e+02
1.779146845413014599e+00
1.386990570803625200e+00
1.136966867612790422e+00
7.602342544111200251e-01
6.192614675223070408e-01
1.246487392043085451e+00
7.912403656457813739e-01
8.173296869365358486e-01
1.751002165751280648e+00
1.309790999318251492e+00
1.356770290740973994e-01
1.212054377362036695e+00
1.949054583546166175e-01
1.317245982478815636e+00
1.782239457480529587e+00
8.995987765088970800e-01
1.709552073990935561e+00
5.631381067543091080e-08
1.886126148418299397e+00
8.471220425380164757e+06
3.624085346428085330e-01
3.396112609251649335e-07
1.779017652627937984e+00
4.552290481464462937e+04
5.934561492289547324e-03
1.573900301310637910e-06
1.425844604325086085e+00
2.076981274500842119e+03
4.120158225716659406e-02
1.281822257236005515e-07
1.445299142250632718e+00
3.737353567561525269e+05
1.491672508835722154e-06
2.074499775113574085e+00
1.134647800712252490e+02
2.134142625907198010e+01
1.475354457755960746e+00
