9.184138293194159530e-01
-4.299864680236215264e+01
1.269541009315795463e+02
2.764937213534659577e+02
1.158987503215325177e+00
9.240245092694044926e-01
9.642764053892440845e-01
1.500397722432012415e+00
1.887294518313703762e+00
7.502834034666979734e-01
1.408250133643492497e+00
1.097657111412759512e-01
1.443549401642789221e+00
3.046938266444969012e-01
1.027470807493297889e+00
1.629816559462919923e+00
1.591527031448357166e+00
1.046121762333356520e+00
3.201582821544911583e-01
1.085546676186770615e-01
2.053614407637189831e-01
2.308021449166613027e-07
1.438161786641344309e+00
1.488613158928047679e+07
5.930054906897245237e-01
5.783121145541474173e-07
2.302888398927720015e+00
2.581590367140123635e+04
8.709071282572695971e-02
4.409488883569168340e-06
2.095819275007780202e+00
1.189213244693821707e+03
1.430591523050470659e-01
1.628834987449939818e-07
1.694130829171526686e+00
3.844377899268344627e+05
4.097050734673882822e-06
1.959138256387240595e+00
1.179357793624611304e+03
1.984164214401278059e+01
7.897187227239106377e-01
