7.329389852651356785e-01
-2.455595329936642912e+01
9.289799589517936340e+01
2.830264924200192809e+02
1.954758154794369540e+00
1.215593541280729051e+00
4.513350460953241550e-01
1.844458853814155974e+00
1.217544105517559760e+00
8.287672713934791657e-01
1.576774390862682784e+00
8.933065596703556599e-01
1.415326066839803332e+00
8.602032863128368234e-01
7.875470713905571296e-01
6.171715923024693184e-01
2.659100410241057588e-01
6.220218780153494720e-01
1.006503053296699868e+00
8.023502664970388887e-01
1.467018100503117983e+00
7.103710044174742336e-08
2.355914033254792539e+00
1.463996359691964171e+05
9.186707701124199321e-01
2.435288169222948991e-07
2.496248231057414557e+00
1.791454399954704058e+04
8.371972511890425628e-02
4.887838479197796970e-06
1.493016330124339763e+00
9.429237557608131510e+02
1.510132982863513773e-01
1.768520112533316341e-07
2.160243524951612759e+00
1.378303388221134664e+05
5.566302977170200756e-06
2.427103059514259975e+00
2.276986951609439529e+03
4.476217734295518415e-08
2.100884143185964170e+00
1.616184988232183387e+05
5.098113960935206634e+00
1.191551077137428249e+00
