8.211521840489908186e-01
-6.231104361346240239e-02
1.330537864984365228e+02
3.035686561197800302e+02
1.705810334026574004e+00
1.087372443602115046e+00
4.926621985093996847e-01
9.129165375471870458e-01
1.901652198578689390e+00
1.185692938651142780e+00
1.164920653238610937e+00
1.520211960975038190e+00
5.800818477220798242e-01
8.279207208188617273e-02
1.311987195460465161e+00
1.626982728565003367e+00
1.756574708536265739e+00
1.256758159802094266e+00
1.267576609746953631e+00
7.345156867702277159e-01
1.866918343962185700e+00
9.518489989180348835e-08
2.286821280132490752e+00
8.117760586856596172e+06
3.833064771145415217e-01
7.177794193718613564e-07
1.749432228634499875e+00
1.089864070984400605e+05
6.115186176270122342e-02
3.975194797276348886e-06
1.696303308357969719e+00
1.229310297699015109e+03
1.387582042941755689e-01
3.121219133359851702e-07
2.122967833988421926e+00
2.861227076297468157e+05
4.000585300585569873e-06
2.199284434735386373e+00
4.553178229282672760e+02
1.462676258413273196e-07
2.049669119039772447e+00
4.638778068202869035e+05
2.856443400763583718e+00
1.864267313651343683e+00
