8.491775457335590804e-01
-4.041569223537081967e+01
2.691632510492979122e+02
2.793779754686867705e+02
1.857964125125499244e+00
1.668963334400828336e+00
1.879544528674909509e+00
8.247959469000865074e-01
1.590542737910063398e+00
3.781674487668038598e-01
6.147530551615172367e-01
1.710227715894529155e+00
7.944565554215291536e-01
3.989159997024663840e-01
1.910076055608081136e+00
1.445142032010019673e+00
1.822460530150851632e+00
6.668417907215332119e-02
1.824067300073734410e+00
1.712133354285041653e+00
1.066182083716142204e+00
1.122105152333995570e-07
1.476812676008518510e+00
7.283909868473963812e+06
5.409744935297167157e-01
5.369816093302607880e-07
2.067851632733618938e+00
2.147724293584256884e+04
7.585556512284116759e-02
2.625023753414039808e-06
1.568257522634683543e+00
9.943247484601376982e+02
4.638980136162139389e-02
2.811890995309540856e-07
2.499668751470357719e+00
3.801383518353483523e+05
2.051748600488949229e-06
1.818071310737604751e+00
7.619005141568619592e+02
3.184075320074928328e+00
1.523501443509991393e+00
