8.302908612343776751e-01
-5.832397256330636992e+00
1.165643826294159169e+01
2.950760644076225390e+02
1.985568250595304507e+00
1.671143227015274402e+00
1.814204634164347629e+00
1.421166211786538236e+00
1.309836003238004976e+00
1.747068446239440576e+00
7.132985067265634749e-01
2.560236485910377668e-01
1.217937421657843355e+00
1.675042359003397818e+00
1.752887215077632233e+00
1.110155875408892046e+00
2.008444561603334733e-01
3.162311150535045134e-02
8.211253078075474443e-01
9.448260238373633602e-01
1.200550314540759445e+00
1.155251627420779178e-07
2.239638729686710850e+00
8.230245109621844254e+06
1.806342146142920213e-01
2.117212661074663316e-07
1.748679821640618082e+00
3.406976168810162562e+03
8.012357379352159914e-02
5.475502174878164769e-06
1.417072870253966776e+00
1.586092886096168513e+03
6.735903426490559565e-02
2.633914963028467357e-07
1.633959609429450843e+00
2.314025256589879427e+04
4.501693723253177960e-06
1.582802498891994425e+00
8.485038830568939829e+02
2.434016573043484649e-07
2.108723745249470038e+00
1.492938863094738626e+05
9.632230318321049367e+00
6.794677109204138032e-01
