3.831969818702875008e-01
-5.020562790288636279e+01
2.623162770093646827e+02
2.811437066982520037e+02
6.230307599085933568e-01
2.667536491848088165e-01
7.836237668292653780e-01
1.380206972129633503e+00
1.824779342186953368e+00
4.118443687969089440e-01
5.869094001631266488e-01
4.685785256241196683e-01
4.264491656954386145e-01
1.051765406587256368e+00
9.842164671291789846e-01
1.084782288516833670e+00
3.158600073426175436e-01
7.751049931498073253e-02
8.319540025412675011e-01
1.648549921094557336e+00
6.237721441438731640e-01
1.481155038515213729e-07
1.406478709279552097e+00
2.665130728767211549e+06
4.156298776617885493e-01
1.972398307463595644e-07
1.612097355386467035e+00
1.200681662638198759e+05
6.557752259234250758e-02
3.713169285615160798e-06
2.089150667338869116e+00
3.311585964856971032e+02
1.680688690030786026e-01
3.154057616515305618e-07
1.849492873023589556e+00
5.730573943679855438e+05
2.475116396540413797e-06
2.399629253184811795e+00
1.137581935747296029e+03
1.893947194073159851e-07
2.260174245314460428e+00
2.508092091916294594e+05
2.057887383589019947e+01
1.666072245411607256e+00
