8.726945698942784047e-01
-8.848735620389959422e+00
1.828614811990672706e+02
2.971664006798956734e+02
2.555706077445413227e-01
1.216608562015672357e+00
5.093224833811099694e-01
8.424134861410959019e-01
1.420284824261935031e+00
1.614874740588754021e+00
1.948700019600180022e+00
4.729299753213528357e-01
1.621747242009812240e-01
1.834256390069237685e+00
8.850026278595023443e-01
6.283833275374371974e-01
1.119707667789044070e+00
3.577622547301009259e-01
1.578348308206433126e+00
1.445067094683269326e+00
1.204480245996766063e+00
4.736028368154028806e-08
1.688788064667867017e+00
9.891593760123006068e+05
5.805424202706971348e-01
5.197654169284366213e-07
1.909307408432302289e+00
1.574751004730454588e+05
4.005676380875852760e-02
4.860433065880760173e-06
2.494062062503681343e+00
2.172156719749449167e+03
1.880728301732710606e-01
2.158868339855919029e-07
2.288806668362945995e+00
2.874463831192480866e+05
4.334356786719955244e-06
1.747792657433358432e+00
1.702002397625904450e+03
2.429849893256373150e+01
4.703532895792312263e-01
