6.426736081295516545e-01
-1.948600758691329560e+01
2.674962984356811262e+02
2.933301849641188710e+02
4.960485155219369613e-01
1.806591608206811861e+00
3.135946600970577203e-01
1.980805813793109493e+00
5.565005475743298735e-01
7.091095319921405515e-01
1.335446930351281702e+00
1.489749597754385979e+00
1.229071929918984063e+00
9.082700548184304834e-01
5.659046366811554263e-01
1.209602543267888297e+00
2.355695001981719661e-01
3.551169393586581235e-01
1.096591674371107716e+00
2.394499262431946662e-01
1.447284152238743404e+00
9.074466945962719546e-08
1.483859719044320791e+00
6.906185229109710082e+06
3.603989275481302434e-01
3.448480300412902306e-07
1.643154961122481161e+00
2.546657735288089680e+04
1.043709612980875390e-01
5.727034057668567927e-06
1.421095697264882052e+00
7.351545314582182300e+01
1.191923758179587872e-01
1.215521958187745465e-07
1.412465394582161915e+00
4.524511084111032542e+05
4.287265241417183238e-06
2.137516791343768041e+00
8.048953235951689749e+02
2.062415214960347074e-07
1.429281820158223137e+00
9.173943953498695919e+04
7.975590175586340536e+00
1.893794597500943366e+00
