7.815169215147728110e-01
-1.445573097339967461e+01
5.731299091650345190e+01
2.891125491021406901e+02
1.502916074580455286e+00
6.012987559884499511e-01
7.448179968796728168e-02
3.182035549964833954e-01
4.093951054479710305e-01
4.248470370590111678e-01
1.478783565662880717e+00
1.258311201398924162e+00
1.101734652425042649e+00
3.596892080598910330e-03
1.864495875287908389e+00
1.614059574432656463e+00
1.806655131182783425e+00
1.353313446904419459e+00
1.549456946966675908e+00
1.968378818967928323e+00
1.667373088559489069e+00
9.551187492896324943e-08
1.722684089870569979e+00
1.255469879099085741e+07
1.781526039836234254e-02
4.569956841221450527e-07
1.670013945442648362e+00
1.066370757101551426e+05
1.784680203963112666e-01
5.630007454426168139e-06
1.903193734183780350e+00
1.085529636335851137e+03
1.085851073616602575e-01
1.310707961084463403e-07
1.582589698012603963e+00
2.495799363044249476e+05
3.111589608885601308e-06
2.420943736630632337e+00
9.626950532124768642e+02
4.051261824026046952e-08
2.140075218386306766e+00
4.402556157317393227e+05
1.166276705152368365e+01
8.423988255008986181e-01
