5.658819092802975792e-01
8.455816362038632406e+00
1.961857710098176142e+02
2.993432874424073589e+02
1.426073049726208852e+00
1.025987762106213230e+00
6.940192544715483303e-01
1.552163450700773106e+00
7.687269170569014376e-01
5.904597010614788255e-01
1.037848665143551674e+00
9.738595691783914488e-01
1.510893131232557973e+00
8.812191949383223477e-01
6.631442291482866347e-01
1.346027033958039798e+00
1.130377292931384225e+00
6.648544473577000513e-01
4.669968716764227867e-01
1.923095323710926285e+00
1.526501582799470125e+00
1.651783899161686831e-07
2.259430073434241848e+00
1.468793032275402220e+06
2.936674138441064952e-01
4.613845181138723537e-07
1.994899455691940382e+00
2.766701273920836320e+04
3.604973281307224248e-02
3.863500062940635970e-06
2.381204955661848199e+00
1.087072922414365394e+03
1.094415455103900092e-01
2.790439030791971167e-07
2.047138854782259099e+00
1.819793281864568999e+05
3.378531666057170721e-06
1.554126924128227394e+00
1.167371257966159874e+03
5.756610207064275314e-08
1.801251199732746944e+00
8.573970428840750537e+04
4.471262084180590790e+00
1.758867934721556336e+00
