5.615226245136460959e-01
3.133734375291840024e+01
5.047852154891745613e+01
2.752836542572948133e+02
1.567421252295592815e+00
1.920543935339555031e+00
8.070816879523847742e-01
4.529640702772192440e-01
1.759797585233217498e+00
1.322867910650650902e+00
1.349801734330912550e+00
3.252814373074808807e-01
7.200573120310337361e-01
1.566000951486195669e+00
1.631531291972527997e+00
6.687349409125872279e-01
9.775859629613198321e-01
1.189719944943097740e+00
1.801572981710531485e+00
1.160728484667373328e+00
1.349618151039069236e+00
1.544120804118022650e-07
1.910405952717897371e+00
1.007971881898248382e+07
5.047238078232587632e-01
3.248034731633900040e-07
2.240583801006591713e+00
1.640164997034351400e+05
1.207666590597474415e-01
5.448917901048754443e-06
1.941269361211957145e+00
8.756568209316249067e+02
4.874598757391036818e-02
9.017905762975263599e-08
2.333604426133805365e+00
1.575786325076980575e+05
4.483819002337562387e-06
2.423495771560817413e+00
1.500696346864465056e+02
2.177623091291751223e+01
1.831987130467864544e+00
