1.652422861163641565e-01
-5.500309294487382061e+01
7.179911990031025937e+01
2.755703896164997673e+02
5.368420229328078053e-01
4.629701621206261386e-01
4.739101304966518713e-01
1.232628354814630622e+00
1.926195829266611925e+00
4.275347808077805123e-01
1.412670846259417079e+00
8.289419983872729769e-02
2.454557892822161191e-01
1.314508004595829338e-01
1.203676020928953649e+00
6.713285993473681046e-01
1.609190733109530758e+00
1.117602680868990728e+00
1.309476593230926911e+00
1.135014592031726943e+00
1.979025877947003798e+00
6.686882324772487827e-08
1.452461346244396490e+00
9.434609870280317962e+06
1.112592982201208724e-01
2.607621361839654245e-07
2.153471935348623578e+00
3.547572239085500769e+04
1.946578646911563959e-01
4.817014388489860219e-06
1.522898796027007506e+00
1.565782040827192759e+03
2.952312172886307345e-02
2.738323681394474821e-07
1.431869325018533923e+00
4.591507930737381685e+05
5.882323461086905444e-06
2.128221825869972328e+00
5.294867501711368050e+02
2.731850389499831048e-08
1.577841048491004372e+00
5.677156361564966210e+04
1.256387083450502473e+01
1.162850809784231609e+00
