4.112963956006967514e-01
1.392062613065951382e+01
2.697637577999906284e+02
3.024909516853471132e+02
6.168763693518954927e-01
4.697985567759922487e-01
3.505687801185706273e-03
1.455746136597158236e+00
1.590779887225623801e+00
1.310046643882335049e+00
8.513945237364137775e-01
1.679379412929055349e+00
5.191062205547574138e-01
2.840139563846088566e-01
3.938041066649428101e-01
1.956742503725211080e+00
3.909398556392246760e-01
8.142450029677217316e-02
1.726130870060358813e+00
5.761056347512968356e-01
8.959806642524607012e-01
1.113989852064091731e-07
1.445768032527569025e+00
3.949333594308211934e+06
6.256835820665532788e-01
5.320757458409013361e-07
2.466802079523832791e+00
1.147469564185492345e+05
1.306772679651564406e-01
3.504883690985228087e-06
2.052310223118363197e+00
1.672900656805130438e+03
1.666322203293809923e-01
2.521363852922555851e-07
2.270209000108030839e+00
1.801082275461035606e+05
4.549359412157595303e-06
2.030730128756261799e+00
1.548239808065177385e+03
1.439286329226976656e-07
2.418134845641145780e+00
3.344928277727129171e+05
2.421443861276073406e+01
3.994538320745833482e-01
