7.194313889195602663e-01
-3.597412872041488185e+01
1.582953307734329940e+02
2.756130604660344829e+02
1.683306343751909573e+00
1.567462352842070805e+00
1.891552760522037246e+00
3.089918840387134713e-01
1.689628905669056325e+00
1.045385252960621347e+00
2.232508352088651560e-01
1.779777294241949415e+00
1.020258026886394553e+00
6.007938263264928080e-01
1.060298153095973861e+00
1.747131306157383213e+00
1.357937351350500643e+00
4.815021898855429971e-01
1.271138782211989504e+00
1.497751548297437729e+00
1.532403993818453936e+00
2.396130073608946547e-07
1.621176756997728674e+00
1.167272686404965445e+07
9.910037518343547958e-02
2.813908117274728547e-07
1.647777604431792220e+00
1.696510877197323134e+04
1.966437210363057297e-01
3.581491527553418086e-06
2.317653956661454462e+00
1.303203823634692981e+03
1.152746300478730418e-01
1.474157275194444276e-07
1.682822930040593690e+00
1.175171710140996001e+05
5.790397678269857831e-06
2.172092534805148745e+00
1.341643564948516087e+03
1.433381458525169094e+01
1.586621001571422607e+00
