1.341545233316353836e-01
5.729815787386139903e+01
3.349950364380509313e+02
2.625174487429757733e+02
1.324376912371848236e-01
1.856323148408393298e+00
5.644910539925195314e-01
9.344653888334975012e-01
3.808507979487701922e-01
1.117024660630140387e+00
8.459139229847514319e-01
3.054471450930841825e-01
4.109736134421552722e-01
6.612798525017202778e-01
1.479427243166961281e+00
3.111476592568044874e-01
4.207519698459568636e-01
2.895582708842072694e-01
7.729226273651242929e-01
4.210154316516589446e-01
1.614986168521105547e+00
1.020918404502617512e-07
1.850510764170440137e+00
7.731376703968012705e+06
8.543640392856264310e-01
6.947297979098780069e-07
1.961816828520585254e+00
1.011625213344326403e+04
1.354407340152944117e-01
2.281440261981018439e-06
1.942092032996483919e+00
1.512870424124283090e+03
3.023100862332736213e-02
1.330868768003685053e-07
1.453714182703097935e+00
2.139937889991520497e+05
2.771629900891027314e-06
2.046642917472461853e+00
4.351427391862040963e+02
1.708075321360284352e-07
1.683886857407991045e+00
3.845542461767469067e+05
1.289922695268935371e+01
1.025356689061838855e+00
