4.778845432463336707e-01
2.810511985185182482e+01
2.523222116768110936e+02
2.938915164225957710e+02
1.829391509269448379e+00
1.931306101979405554e+00
6.400620866017643351e-01
1.205143614235379301e+00
8.666448739054136707e-01
3.346712123588140297e-01
4.382689140328096533e-01
1.382450278307210567e+00
1.075991447705224813e+00
1.100070106325742536e+00
1.793706931645615565e+00
1.714728244496806608e+00
1.788080371568983584e-01
1.105175587155267369e-01
1.469124767048854752e+00
2.574712627572010026e-01
9.912156796539839387e-01
2.273296987660376992e-07
1.588039584734975085e+00
1.042496860370708257e+07
2.797079703566673348e-01
6.671947488930173590e-07
1.781387224051568907e+00
2.067920567112709250e+04
4.553530865997917204e-02
5.272550143069476412e-06
2.029554189832705191e+00
1.495829182373038293e+03
1.841394411746719584e-01
1.746011337526853046e-07
2.194104224897278410e+00
4.894577528262992855e+05
4.613761385084050852e-06
1.514189491294942957e+00
1.203806962414703321e+03
7.119148756259629091e-08
2.468684630460107776e+00
2.215221112643135421e+05
8.381017867573705260e+00
2.274646425519491200e-01
