4.551453010003428945e-01
3.663132377222902392e+01
1.970133075605940007e+02
2.926164498579834685e+02
1.110471971448549589e+00
1.407213139244495093e+00
1.989750505798396629e+00
3.568280280756633283e-01
7.800958182637717231e-01
3.875713312316938497e-01
1.390997124342500779e+00
1.024051496845035381e+00
7.173639344218908365e-01
1.792720856785811723e+00
1.824494613618079075e+00
3.400347622175762252e-01
5.912690162715404929e-01
9.694384372473229261e-01
1.700948482741290846e+00
6.089819952452406593e-01
9.409305770647674594e-01
8.571490426943491322e-08
2.133467556547765653e+00
4.197290413955878466e+06
6.607174719010773245e-01
5.503486124633870513e-07
1.637517765212982868e+00
1.309848231990165368e+05
2.055749380993752290e-02
5.079126755778300420e-06
2.026616055459387944e+00
5.992648175167333875e+02
1.170320916928889975e-02
1.657604812737552991e-07
2.388250043218406837e+00
5.343615763839516876e+04
4.755818091755860798e-06
1.904442122965376516e+00
1.908718645953249279e+03
1.475693811299736424e+01
6.191408630305818978e-02
