4.000000000000000222e-01
-8.999899999999999523e+01
1.000000000000000000e+00
0.000000000000000000e+00
0.000000000000000000e+00
0.000000000000000000e+00
0.000000000000000000e+00
0.000000000000000000e+00
0.000000000000000000e+00
0.000000000000000000e+00
0.000000000000000000e+00
0.000000000000000000e+00
0.000000000000000000e+00
0.000000000000000000e+00
0.000000000000000000e+00
0.000000000000000000e+00
0.000000000000000000e+00
0.000000000000000000e+00
0.000000000000000000e+00
0.000000000000000000e+00
0.000000000000000000e+00
2.499999999999999887e-08
1.399999999999999911e+00
0.000000000000000000e+00
0.000000000000000000e+00
1.799999999999999971e-07
1.399999999999999911e+00
0.000000000000000000e+00
0.000000000000000000e+00
9.999999999999999547e-07
1.399999999999999911e+00
0.000000000000000000e+00
0.000000000000000000e+00
8.000000000000000167e-08
1.399999999999999911e+00
0.000000000000000000e+00
9.999999999999999547e-07
1.399999999999999911e+00
0.000000000000000000e+00
1.000000000000000000e+00
0.000000000000000000e+00
