7.775440160700524128e-01
3.661900838713317796e+01
1.899222662590403274e+02
3.043332740798657596e+02
7.637467428600652752e-01
1.013450964029789958e+00
5.774356622669201133e-01
3.619959109004576847e-01
6.548785900830829121e-01
7.515593078202171817e-01
1.371871680711426622e+00
3.674191015680331462e-01
2.303287302716104101e-01
1.453099323878819682e+00
1.290837436576409258e+00
1.347947488063886701e-01
7.657565039917504368e-01
5.432289440023284344e-02
1.027252500086034415e+00
5.913862210971242428e-01
1.282721593924853520e+00
4.074787985426695253e-08
1.567978521390211100e+00
5.402583784826042829e+05
7.987501296197181411e-01
3.739251078094696293e-07
1.766079957681602419e+00
4.637443794929469004e+04
1.778468367258283500e-01
1.903630145991968176e-06
1.498039980656848291e+00
3.180720410782659542e+02
1.853150307029960142e-01
1.331679684823540372e-07
1.728192420359017323e+00
5.385477420331131434e+05
2.093060175851408272e-06
2.316120907026355091e+00
1.038505292063689183e+02
2.364912123278919864e+01
1.117155367873541527e+00
