9.717426823005197445e-01
8.924722831239031962e+01
2.456968854340838107e+02
2.655951652672752630e+02
1.493931966863710326e+00
5.996400642263176595e-01
1.252993224110341419e+00
1.922844926754492922e+00
1.790583521916834009e+00
1.590350735907631430e+00
1.851276158134427696e+00
7.437882077763042776e-01
1.082141750279898229e+00
4.595348286237962987e-01
5.902384113686985900e-01
1.030745056003287807e+00
1.017460883876430744e+00
1.008445649320776738e+00
9.198905473656745491e-01
1.994334751235455894e+00
4.166160671371770818e-01
8.150960093941417033e-08
2.270985339583163842e+00
1.095196343566008471e+07
1.252516306537648227e-01
1.973084609299797174e-07
2.116058154929433943e+00
1.813594532119147971e+03
1.748347107356609531e-01
2.877440311840318920e-06
1.678205821934747544e+00
4.346334638581462286e+02
1.588201612115332784e-01
1.333220318583032906e-07
1.898376183598812217e+00
5.393125757372471271e+05
1.815836547902023551e-06
2.371281452327521411e+00
2.646954738669626295e+02
2.324951933124701497e+01
1.480289207850962629e+00
