2.273594548167812979e-01
-9.752966181005859880e-01
9.471187710421278894e+01
2.925093651379752373e+02
1.707338230016944625e+00
1.113487308866359715e+00
5.078830968921085320e-01
1.275217981060117189e+00
1.874137501229526048e+00
1.174284555939330454e+00
1.818765977449210647e+00
7.375954133487486741e-01
1.244253909608847852e+00
1.097750134257929222e+00
1.482927629128441893e+00
8.398538861054989646e-02
1.724288852954090512e+00
5.766859005055371412e-01
5.296597119700874323e-01
1.896033909674014861e+00
1.622333138275006359e+00
3.545128869193918646e-08
2.476305692172460216e+00
1.319377700345901214e+07
5.042043341510679122e-01
2.325451302209580111e-07
2.269279932667922051e+00
5.291406244164599048e+04
1.533122920882667162e-01
5.851209903996643544e-06
2.389087296619975209e+00
1.889850852036001072e+02
1.449577833284393102e-01
2.756898678948701351e-07
1.767079868670656140e+00
2.608948240086481383e+05
5.370631266492118098e-06
2.271384021462146130e+00
1.361086634863895824e+03
3.658420064903878684e-08
2.244274998957667577e+00
3.861741137316548848e+05
1.299432869658164513e+01
4.575179290771118623e-01
