7.528949269825986335e-01
-1.617356709329344255e+01
1.631361462172421639e+01
2.832494126515792914e+02
2.659532722112004088e-01
1.036393708477256981e+00
1.675719351921669098e+00
1.247688804911864791e-01
4.421563771901514950e-01
1.471729790200565269e+00
1.881353433131597308e+00
5.711632742177211730e-01
9.622740935698465004e-02
7.120890701414267498e-01
1.123154109522249838e-01
1.104667172816039766e+00
1.966174750087137602e+00
5.486017346978379061e-01
1.639109227009549752e+00
1.741742422556774139e+00
3.817231169638805877e-02
2.347664186219332337e-07
1.990787671393843938e+00
3.924688957258556038e+06
6.481245692109789402e-01
4.367397430848575070e-07
1.956521827193547169e+00
1.421828968460748438e+05
1.546197747585733029e-01
4.035043286942801895e-06
1.732115336096886393e+00
5.182567436264023399e+02
1.342945941944896360e-01
2.402744397751567777e-07
1.893879203253627130e+00
2.202824325397161301e+05
4.915052442177024618e-06
1.791785544354175919e+00
1.404292074440688339e+03
1.938971062888894181e+01
1.419150511095501388e+00
