6.938458397007333245e-01
-3.814918813333050451e+01
1.710443899358945714e+02
2.872750816608751165e+02
9.681596059034361934e-01
1.973663054523215443e+00
1.657134446204969747e+00
1.436608189549604120e+00
6.525945788143455717e-01
5.168048813589861679e-01
1.512952263103719830e-01
1.901169779325579512e+00
1.887205755781727667e+00
1.060338903928899734e+00
7.091282439142102545e-01
4.884625418544236708e-01
1.558017317803582991e+00
7.181160130259256480e-01
8.147776971227937981e-01
4.669333267413704469e-01
1.630723505549513730e+00
2.186047281605483027e-07
2.029551369217906576e+00
7.169087542639016174e+06
6.702435356082196982e-01
2.126611264942342300e-07
2.157552271446964820e+00
1.234705411019580206e+05
9.544490231971212990e-02
2.492006301756352049e-06
2.328486454789096438e+00
5.766360327083011725e+02
1.732068284976967798e-01
2.222983152859384980e-07
1.870703774259648844e+00
1.104328721403233358e+05
4.845869399146036220e-06
2.055925668288957731e+00
1.831327529784623039e+03
2.602309532299181605e+00
3.208191246101498306e-01
