9.924006011199167920e-01
-2.450508309462861689e+01
1.689826396021737480e+02
2.802397031124085629e+02
1.473497278680057310e+00
2.850431820117997964e-02
7.796739163909490733e-01
1.197010405133431821e+00
1.014256023120948980e+00
6.547525422586007206e-03
5.137207542120606485e-01
1.285457816382294949e+00
1.776894183072132982e+00
1.749352483512313094e+00
1.395265944787824397e+00
1.719047709316296579e+00
1.726649200372652349e+00
1.814338487497870966e+00
8.221669243842106845e-01
1.404699510835657472e+00
3.600960905065412471e-02
1.175589876842932547e-07
2.301838632920296224e+00
7.781655043375879526e+06
9.979843485081121290e-01
6.614200744044052992e-07
2.046723798233189839e+00
1.310904204449745594e+05
1.822205484198217429e-01
3.226303007675536232e-06
2.322698238852124231e+00
2.367460910686184889e+03
1.995356484096908467e-01
1.155704158432813773e-07
2.386196368058377537e+00
4.958293628861319157e+05
4.851696221551590625e-06
1.964932390436826992e+00
1.902893167428225524e+03
2.146556456455712918e-07
1.450883828548066079e+00
2.489785947495625296e+05
2.064884009088173045e+01
8.847697970825746383e-01
