6.841198517569899717e-01
-2.015338112493988376e+01
3.555979570510254462e+02
3.096672836672466929e+02
6.017928827711631519e-03
2.294727138218172757e-01
1.639378490150949386e+00
1.712105976098589055e+00
9.585771557147155786e-01
1.512165887404999465e+00
5.461184267480441168e-01
1.464682795698937667e+00
1.262761327437982528e+00
5.518829433061309686e-01
3.905271408197517058e-01
8.922076078637892760e-01
1.141429815367895229e+00
3.916687013100476622e-01
1.916928319271912651e+00
1.421065294871475260e+00
1.416458841292737914e+00
3.711150920482385671e-08
1.712511795216044463e+00
7.814015624059156515e+06
2.617548581351010761e-01
5.682432009487865114e-07
2.029647847557195295e+00
1.558925536119135213e+05
1.392487564040112424e-02
1.305239912271794825e-06
1.620154766919420286e+00
1.543632373639886055e+03
1.745245280763143836e-01
1.209726004706950298e-07
2.163174549970795280e+00
3.393945764278892311e+05
4.632155868819633008e-06
2.249555332257637374e+00
2.123621742961904317e+02
7.310472761727167423e+00
3.817760824346987936e-01
