6.717325406037598645e-01
5.613824826847584859e+01
1.396424988372986036e+02
2.859390776473635469e+02
7.271963581432571155e-01
3.304132289154178004e-01
3.586323636922418290e-01
9.491272387966551705e-01
3.010481318398207651e-01
1.807788647278969207e-01
9.542848015916125526e-01
1.614771385142942606e+00
2.103362347574107838e-01
1.206637679919980055e+00
1.094324707580296430e+00
3.551059825549417459e-01
1.557438732649594482e-01
1.265994116913567336e+00
2.508793851522282958e-01
8.322510452198031983e-01
5.559883776786931353e-01
7.216353982849410140e-08
2.023146305161914071e+00
1.229765216143014282e+07
3.185376522364488094e-01
4.309908778454902107e-07
2.086648265930979740e+00
9.079296735712446389e+04
6.347656528425457689e-02
5.435115747414544182e-06
2.492596327442255344e+00
1.446537231764452599e+03
4.867765363247875815e-02
2.708491751004407352e-07
1.611060141814416147e+00
2.312747298958200554e+05
3.131058027180487339e-06
2.044448376687447944e+00
5.137906247646258180e+02
7.715902434512179158e-08
2.021234590959768873e+00
4.874046233579206746e+05
5.055207972462935295e+00
1.431125008553928435e+00
