8.255179842389905875e-01
8.125697116010726972e+01
2.900558481920895701e+02
2.457984336322675176e+02
1.091968230904349912e+00
8.769517101598025555e-01
4.811547928324187984e-01
6.452977523083375244e-01
5.119535784821723778e-01
1.001350113720314294e-01
8.062118502639816775e-01
6.556535169819979192e-01
1.917817883369786980e+00
1.895322567335042674e+00
1.604515562577496279e+00
1.233254296625061031e+00
8.539412987751898720e-01
1.137757052588980633e+00
1.501338177801054830e-01
1.917767933585897477e+00
1.139491768266555960e+00
2.289978331269752680e-07
1.940398086722487925e+00
2.320283873276541475e+06
5.211193022076647807e-01
3.742493405136350030e-07
1.920946193425377757e+00
9.795339432880397362e+04
1.051036604810636349e-01
4.593198089096304759e-06
1.665346229600034533e+00
1.192898400498388298e+02
1.473143242974833955e-01
1.185734739199073021e-07
2.430077270565763392e+00
9.929150487555934524e+04
4.536533219206098371e-06
2.199888792546634164e+00
7.909459578582192307e+02
7.608515820196910084e+00
1.123261702959120478e-01
