6.143474646612137047e-01
-5.975239351143941491e+01
8.102569753964526456e+01
2.744114324979313437e+02
7.959000981961643628e-01
1.232628731734089600e+00
9.940988946859862230e-01
2.825135794354716734e-01
6.038343324665976786e-01
1.169013453774476075e+00
9.999652118108522947e-01
8.478284544541551115e-01
5.185460773176423510e-01
5.111808036876092087e-01
6.189745130352634073e-01
1.947478504991275283e+00
1.212344645889833927e+00
1.681408477085027720e+00
2.331920952706863920e-02
1.573397231724835699e+00
1.738891981748224569e-01
6.116536897220301964e-08
1.590017517416456361e+00
1.247976621875535324e+07
4.862420936143641015e-01
3.392550307870511618e-07
1.636802147717406175e+00
1.046313510007973528e+05
6.970757273835981836e-03
5.792970313617433280e-06
1.781583581050984577e+00
7.029229280588652955e+02
6.988926451838622933e-02
1.601625166435794921e-07
2.336392065282379527e+00
8.453357587327236251e+04
1.581860284759819235e-06
2.244155809443181493e+00
1.950750512774437766e+03
1.447302622118462195e-07
2.228368181670587589e+00
2.770247673919557710e+05
7.131188733819731951e+00
9.948227382232530114e-02
