6.731170247727481515e-01
5.023537364756964507e+01
5.072362333294453407e+01
2.667178462153717646e+02
1.520962941667955093e+00
4.384406245088292020e-01
1.365999301875884253e+00
2.208787111629461897e-01
1.915660937969020150e+00
1.348672665633276146e+00
1.779066972833818649e+00
1.607095173872115978e+00
1.199058516134090535e+00
1.216928455157553213e+00
1.566507738029261354e-01
1.875366101826037024e-03
8.501884349627386595e-01
2.275364418769902086e-01
1.226058666385362761e+00
1.287454857112193540e-01
8.461811151490241656e-01
3.135130872812492641e-08
1.853373669435279592e+00
1.102556012899961509e+07
6.237491821611863135e-02
4.204416024601965597e-07
1.992259668693931562e+00
4.807838659232411010e+04
4.790024705087676110e-02
1.948683693521979507e-06
2.093689040581478533e+00
1.865528499980171091e+03
7.908186365997582623e-02
2.220723046879409651e-07
2.450604769950278428e+00
7.553906341347104171e+04
1.334556784748618559e-06
2.466528070312473009e+00
1.702071248454711849e+02
7.658268450653950325e-08
1.668504505713858110e+00
4.450860236012110836e+05
2.458917609944835192e+01
1.486542184318754067e+00
