7.198691617387836805e-01
-6.427440481032785158e+01
2.139172637285565415e+01
2.657605783065712330e+02
1.262518184463061743e+00
4.182664926086456791e-01
1.707578362111278114e+00
7.863927757111180417e-02
7.722994924822766671e-02
1.441094719766960353e+00
6.509210606592749082e-01
6.482627408439931571e-01
3.128992932354578427e-01
8.469426076812912596e-01
1.566368046222496480e+00
1.178640608008989732e+00
1.678278548615215859e+00
8.251439171991038490e-01
1.139859628933475699e+00
1.606131729377764605e+00
1.497939652526429466e+00
9.571169286582692565e-08
2.036267830474758789e+00
9.798388037632890046e+06
8.019641432955332272e-01
6.882895694513950835e-07
2.448033695088778217e+00
4.710768185310759145e+04
3.824536905751229135e-03
2.111565098316861957e-06
1.996914306030625585e+00
1.105544636515191314e+03
1.708270759011787099e-01
1.519027579727542085e-07
1.593998729529318092e+00
4.558235926999591175e+05
5.715547835965013353e-06
2.029319142260480824e+00
1.195412805655357261e+03
2.499731686393850553e-07
2.269502825432473614e+00
3.950306664282542770e+05
1.211006778300573217e+01
1.543891646835519271e+00
