8.541744551338633640e-01
-6.482892999588605676e+01
1.178477825055159229e+02
2.533462263315583698e+02
5.834775567802763518e-01
3.790088405941313132e-01
1.482494220972909504e+00
7.109229444823311761e-02
1.612609935110554282e+00
1.880948122581760806e+00
4.538302366068478477e-01
1.455755247867680069e+00
1.229367779943046218e-01
9.575322296514101605e-01
3.843159079145941283e-04
1.053146478775358746e-01
1.444337071771339520e+00
1.128433249384734216e+00
1.935928080418778618e+00
5.757364722042430660e-01
1.898540992483028211e-01
1.132237567649028297e-07
2.120129647934870576e+00
2.586748029464375228e+06
4.355564582544094177e-01
5.533037923425326618e-07
2.091280501331764796e+00
3.034608655860086219e+04
2.957579228168347174e-02
2.957725286220725883e-06
1.532684301024187734e+00
2.113715198264426817e+03
2.943231682229944385e-02
2.355551590097309147e-07
2.103803043831417696e+00
1.508189131807795784e+05
1.211981619347229431e-06
2.305213151679697869e+00
1.299363222831210578e+03
1.857835191220001870e-07
2.489586348082047706e+00
5.002648528920586105e+05
8.199058340309273163e+00
5.073473608587724115e-01
