5.523792761858372646e-01
8.053256553211681990e+01
2.996074313314742881e+02
2.584038201766585416e+02
5.955797319737077267e-01
3.469206518317832777e-02
9.329735667391189091e-01
2.852272027334964433e-01
1.968775984066504448e+00
1.138107412101430960e+00
1.933723701072680212e+00
1.081630750599859025e+00
3.246026656890556028e-01
1.719842579989496079e+00
1.774792337987701973e+00
1.648507611839278297e+00
1.184127085043952032e+00
1.887714521321848915e+00
1.176193979319749339e+00
2.105228127119560533e-01
5.104051707260507387e-01
4.881342412123940370e-08
2.005793536569088875e+00
3.550457834618872497e+06
3.607862253370836686e-02
2.483388393503096753e-07
1.697293569989353212e+00
6.693609131495615293e+04
1.927382590362243242e-01
4.354261720612680127e-06
2.144902522504137377e+00
8.243443338845121389e+02
1.985651009598488614e-01
2.257999577478167222e-07
1.981200831849876831e+00
5.823149669680848019e+05
5.940640733334017895e-06
1.577352525145768292e+00
3.193527118713335540e+02
1.568026799562415619e+01
1.997449259597346094e+00
