6.468990460593287972e-01
-7.328475446566177709e+01
1.090654068729752169e+02
2.142469135931238498e+02
7.608616094997637802e-01
3.612923366201196695e-01
1.048376267356476710e+00
1.060288506087834065e-01
9.208054881361786848e-01
3.090848648344025063e-01
1.903669306182142362e+00
1.058546248656461408e+00
1.571150725486368582e+00
9.384297690483925924e-01
4.562837835924375418e-01
1.098140753376201789e-01
1.246478218615304057e+00
2.515051262851775160e-01
1.039517590798995306e+00
9.491856246914947004e-01
1.312595264031890752e+00
1.594889206561147457e-07
1.966409119520731830e+00
1.107167509273846634e+07
7.114863591325710779e-01
6.936296889244034027e-07
1.811769830403813231e+00
9.513918458106894104e+04
9.235408715436932425e-02
2.085854696985816961e-06
1.821243595681162564e+00
6.935871926251104469e+02
8.479298235658908056e-02
2.173817626176778831e-07
1.431022709491642342e+00
5.354264666260938393e+05
4.423376272712447224e-06
2.025696585883615342e+00
1.126855052439970905e+03
1.815261239761613155e+01
7.643028454196406640e-01
