1.353769520447167807e-01
5.436078944678631331e+01
1.888648309955481466e+02
2.868940333932793578e+02
1.666840866354678818e-01
1.356612289249371772e-01
1.111912271219130055e+00
2.594758789358421747e-01
1.612146545051273527e+00
1.702393341271506433e+00
9.011454038889096241e-01
6.339041618856476878e-01
5.385321536229281669e-01
1.157712301353758910e+00
1.802510459238239271e+00
1.425816790856004435e+00
4.345623151470023871e-01
1.861020133505290053e+00
1.296081420104731929e+00
1.450382199181736054e+00
3.622826399052686552e-01
5.844847734855066786e-08
1.693747254014591919e+00
1.004694298648175597e+07
1.339451809812630956e-01
4.828454573654196453e-07
2.066762565900128301e+00
3.242368197606344984e+04
1.933471178236664256e-01
5.255250035737206251e-06
1.742158252118636286e+00
2.221321454705935139e+03
1.120837088263948733e-01
3.037042171880319942e-07
1.808564906751851442e+00
5.766951998348216293e+05
4.785557523263415964e-06
2.091092834765551078e+00
2.402534573938802680e+02
3.149196456660629548e-08
1.644350542317490893e+00
2.282398012474715069e+05
3.457434189551999548e+00
1.592161998473420770e+00
