6.224747604953434488e-01
4.828056213502472360e+01
1.463479998962323592e+01
2.823629128448027359e+02
9.167428607620090597e-01
4.388161345052660200e-01
1.146183999567951473e+00
1.958227319773105268e+00
6.454474088330302006e-01
5.255055256792634522e-01
1.007322977706937239e+00
1.413273021995433476e+00
6.075972985829237727e-01
1.857311663569379823e+00
1.675386273220379696e+00
1.289169555767268660e+00
2.091372150970784854e-02
1.575959190439249147e+00
1.160697197641352041e+00
1.483499957500141964e+00
6.770289306954052622e-01
2.376291121153860301e-07
1.401630276980585288e+00
1.401248971600949578e+07
3.705610437715289307e-01
5.743546269428797051e-07
1.996118203899706067e+00
1.372876515306897636e+05
8.077879106313778923e-02
5.132761763222478822e-06
1.902346589981399827e+00
1.838989824929486758e+03
2.528902447234118375e-02
2.527136274998976887e-07
1.802911687404374241e+00
1.819782359604621597e+05
3.904664273107649802e-06
2.399845207654045076e+00
1.382883187619039973e+03
1.869027547125944955e-07
1.849592082519605940e+00
1.597248739530828898e+05
1.605855021220020262e+01
6.514494926116233264e-01
