8.331977595246029544e-01
3.455121799763801960e+01
1.764105747700600944e+02
3.111739424613182337e+02
1.619052375835826174e+00
3.120638342399507104e-01
3.890109677299838919e-01
1.325106195855042079e+00
1.156081711598466066e+00
1.876247490128705175e+00
1.148173737123223903e+00
3.282423324603333525e-01
1.761672423861115888e+00
2.764540787979903255e-02
1.417010053388428004e+00
1.311309595273663087e+00
1.799812943530754383e+00
6.668245198214441949e-01
5.715606874745225996e-01
6.298756984143288884e-02
5.751807090554651447e-01
1.022966913242965928e-07
1.962728387502687077e+00
1.474230940289426362e+06
5.872696053427086671e-01
2.464728567604435152e-07
1.562246176272211517e+00
3.094607661108550019e+04
1.260343765717804598e-01
4.150184805232216123e-06
1.749309669663640543e+00
1.757746739004862093e+03
1.091335387900930765e-01
1.252148053618511323e-07
1.736521230716593589e+00
2.328136136109305953e+05
5.709239231587475813e-06
2.297141592299598578e+00
2.090823907622694605e+03
7.462522537312249042e-08
2.253219130372038581e+00
1.750691014915718988e+05
2.414335502582656545e+01
1.546501189068770987e+00
