4.773361347605543092e-01
-3.099791322633486601e+01
1.376416641526121225e+02
2.923830027350538785e+02
1.722687016522947756e+00
1.349572368987870252e-01
3.447365273187679158e-01
1.838226697995635206e+00
1.665866096286777287e+00
1.774114285143446823e+00
1.719808986927982009e+00
9.690861404872770368e-01
1.542502062037069965e+00
1.885362426521905999e-01
1.012154563826875409e+00
1.849393193996812679e+00
1.043813100992554421e+00
1.234848002672610523e+00
5.229485051363923498e-01
1.965981251761403717e-02
6.615281900602556497e-01
5.304183787265415577e-08
1.519374397073879113e+00
9.086386584794234484e+06
3.491465696452258349e-01
4.417036799768782767e-07
2.406497722737458211e+00
5.202041546781973011e+04
5.266037563944502703e-02
5.791373151207849027e-06
1.506621232138905864e+00
2.257589276866533964e+03
1.960947573042594316e-01
2.120515929221672322e-07
2.130363063998997220e+00
3.165810220379308448e+05
3.750515991658735841e-06
2.096193805046082659e+00
2.067927715261138928e+03
2.283588398427951560e+01
9.786291844056329570e-01
