5.984635821691215440e-01
6.852779524308141390e+01
1.823448692108036173e+00
2.413803121769021232e+02
7.036313497445755294e-01
6.331584127569462872e-01
1.797448950494233699e-01
4.975924246979806370e-02
7.591464485891759040e-01
2.928633073417912791e-01
4.698201725488051483e-01
1.420667393476366058e+00
1.968876572612730413e+00
1.942164526220456100e+00
6.241764981573054705e-01
2.558675528625265275e-02
9.142510275267907716e-01
1.275328044174962039e-01
1.083912368237482271e+00
1.591043601031723487e+00
1.088236956893974261e+00
9.080074161530992591e-08
1.409672144112680936e+00
5.339609715034442954e+06
5.758100062444477807e-01
6.625877331188916501e-07
1.557192561027054500e+00
1.983610836775339703e+04
7.817057792390492976e-02
2.270115714532403530e-06
2.471814154690620491e+00
1.748622996122154973e+03
1.029011249390080884e-03
1.952961401726290028e-07
2.233337372120302255e+00
1.590874871672982699e+05
4.991559861217533912e-06
2.160458917246745436e+00
1.013697348349794993e+03
1.461456047291884630e+01
1.213358034742012093e+00
