3.132012844695444831e-01
-1.621857943144760839e+00
7.602106745935134313e+01
2.996222152748214285e+02
1.453274008581403987e+00
4.818890416844725522e-01
1.260416848234073572e-01
6.827676233685484597e-01
8.783392136198081568e-01
1.753783754189860877e+00
1.090434292694761886e+00
1.573324271743613556e+00
8.481417194698818995e-02
1.917851510285529804e+00
6.348065053515701550e-02
7.747384554301139925e-01
3.577008837610124448e-01
4.192475655378543609e-01
1.904832024832585347e-01
2.376952294864526916e-01
1.253992497689236263e+00
2.333238435741190557e-07
2.167929281000384290e+00
1.171604288468152471e+07
9.370009161159946476e-02
1.818214574073311174e-07
1.845516924748843213e+00
1.139213986316839291e+05
3.420064623281608013e-02
3.070517580112870851e-06
2.115653409989346478e+00
2.290949756135552491e+02
3.452300618649509212e-02
2.662183572531619815e-07
1.777967000948184717e+00
7.079017878510033188e+04
2.858009772363284676e-06
1.834881511218076300e+00
6.320294830421762526e+02
2.070181642221599277e-07
1.712229479677320310e+00
2.918005355786408109e+04
1.404437521078098605e+01
1.992090628428538679e+00
