7.645339601410623409e-01
-2.441299638903680602e+01
9.500164842237808216e+01
3.037097158299351918e+02
1.400155509959261968e+00
4.344496488424731129e-01
1.101538267315058661e-01
6.806847885125771880e-01
8.169669503154610712e-01
1.445236436159845317e+00
7.363828376253033214e-01
4.815775817986634455e-01
5.979437265287226161e-02
1.287243814559934751e+00
2.478750829496674801e-01
6.147040820603808520e-01
1.491284136429635643e+00
1.627856311230604813e+00
4.874759148592063274e-01
7.908303342902339717e-01
1.177850359085540477e+00
1.947600810344504257e-07
1.811820135005515864e+00
1.270109293426027149e+07
1.132611971651330818e-01
6.407190943735866128e-07
1.681588696706570074e+00
4.901476063746107684e+03
1.350522695352123770e-01
5.687521533945471139e-06
1.964281121251350681e+00
3.352260066225977653e+02
1.165267003178969141e-01
1.082137337687247543e-07
1.701866222968869691e+00
4.441013568560379790e+05
5.300282200124059527e-06
1.887089708576109137e+00
1.748352132402065990e+03
3.031907848178629905e+00
4.061588295652609482e-01
