4.670815982033782454e-01
-1.950229079599480997e+01
2.026047219270735980e+02
2.825133704993696711e+02
1.343220246981192023e+00
4.087575646346365277e-01
1.308978295364757516e+00
7.239055185933798153e-01
1.956104813357925964e+00
1.708149629350644405e+00
6.980854604095825255e-01
1.956133077750674909e+00
3.510279999790186789e-01
4.645286095222365685e-01
1.217890669302191808e+00
8.068399401662053050e-01
1.096207941417780996e+00
8.849674018684999810e-01
4.388710374314825358e-01
1.363913707872219661e+00
1.697435043707357760e+00
1.079212999187156019e-07
1.837327130723662272e+00
1.283781784870110080e+07
3.201314156703500835e-01
2.543093638694531923e-07
1.473271680437409081e+00
1.000797207482914673e+05
1.608011021624026690e-02
5.049350240702890185e-06
1.433712291301455277e+00
2.359223269341630385e+03
1.674582770630377027e-02
8.191593543425726786e-08
2.038145240957311088e+00
3.118506109799125115e+05
2.268941873243763541e-06
1.447856778848422676e+00
2.185446225877656161e+03
8.906476197394367134e+00
5.528422999956175143e-01
