2.111597225459583838e-01
3.773193477899295090e+01
2.963316890353561917e+01
2.657244579223206529e+02
3.605261929658958309e-01
2.818901250042674667e-01
1.406517986666651066e+00
1.628602908294539464e+00
4.406387808851768284e-01
1.071972539459172258e-01
1.524541942555866780e-01
4.651855033365666636e-01
7.561126013151867609e-01
9.696952329052633823e-01
3.980339450947948388e-01
5.095006820990989338e-01
6.989016044842706332e-01
1.954691284594775258e+00
1.952578387226731271e+00
7.353170359263943023e-01
2.313758867495019703e-02
1.891676664060456743e-07
1.998351941986521885e+00
6.474236951173671521e+06
4.562087155456274190e-01
3.034926621556779271e-07
1.723284589846322490e+00
6.805950462512217928e+04
3.490381162776369506e-02
1.749512205816699909e-06
1.688329945925853393e+00
1.837151991516382623e+03
5.106835846442469434e-02
8.638790823782907995e-08
2.323626130155804770e+00
1.418974350626124069e+05
5.367407195853505556e-06
2.321183529106642052e+00
5.678855391883464563e+02
9.051200238823844217e-08
2.294439565104996248e+00
7.831971334778447635e+04
1.543337517836811834e+00
5.512018275140208035e-01
