9.042807951947138267e-01
-6.096783855990067025e+01
5.473969880323278403e+01
2.789429398236059114e+02
1.830657848997362835e+00
3.319554163922244783e-01
1.228088820121609137e+00
1.910375138507869774e+00
3.348156866178877977e-01
1.372334937247569275e+00
1.832989495791917278e+00
2.587487062819756045e-01
4.178120735672500863e-01
3.255136315363818533e-01
1.169955920398989546e+00
1.414610936712054512e+00
1.635565774800141536e+00
8.590446104662999849e-01
1.332575191844715512e+00
1.879131054649566313e+00
1.472753610242173661e+00
1.654823295509551230e-07
1.721953699584694686e+00
4.657232526038332842e+06
4.500877291659516888e-01
6.120292743026374824e-07
2.320340911167036779e+00
8.353252848956396338e+04
2.732299074806571887e-02
2.664338521716693558e-06
1.854312225795825109e+00
1.847407945538925560e+03
1.927990093468558985e-01
2.004886378632436983e-07
1.594350090461974512e+00
2.316819558987004857e+05
2.639718475021628248e-06
1.996024388629904944e+00
6.908472911734504578e+02
1.660557285110495229e+01
4.331359863854953307e-01
