9.463438963310556451e-01
2.339720891453224283e+01
3.046825245521786201e+02
3.028100029117364329e+02
1.548203111666845544e+00
1.826079270185695602e+00
7.362218557970561482e-03
9.738428417157743988e-01
7.137167716983169319e-01
6.831066292861155409e-01
1.632268166653765951e+00
1.967996122987061725e+00
9.997338736932256387e-01
8.208314622031558372e-01
7.840428527406274606e-01
1.705005802513550162e+00
9.490375899432927920e-01
1.206294124054338335e+00
1.999413522747722327e+00
1.141964241025663185e+00
5.650947363751773755e-01
8.776979849967145187e-08
1.491834548952389872e+00
5.262083805065154098e+06
2.189945370170523486e-01
3.950831021856788245e-07
1.969558596540402329e+00
1.452418231341414503e+05
7.015355663532875374e-02
5.147435653086057378e-06
1.716796278974377810e+00
1.930383332036291904e+03
2.737585299483618825e-02
1.892314008549045343e-07
1.768808776831050977e+00
1.241835352481810405e+05
3.897503434731574650e-06
1.945976847387170139e+00
4.677764786805043968e+02
1.861814826053014116e+01
1.747228837419789294e+00
