6.950843923554208548e-01
-4.165636645661763282e+01
2.720347219652740591e+02
2.799645887629840217e+02
5.679785350608459460e-01
1.369661051912312688e+00
1.519811245349329543e+00
1.792519612370068183e+00
1.514990916768138796e+00
1.914942720646697127e+00
1.721569402257536741e+00
1.750965119566245010e+00
9.052081710861950015e-01
9.231304964534728930e-01
1.958296060940849070e+00
1.367110953151159380e+00
1.658156157736039304e+00
1.174370911373590509e+00
9.241845856907773271e-01
1.184742079259800018e+00
3.650580263126055325e-01
2.436096856392801881e-07
1.625877163274999315e+00
1.509566163898883946e+07
7.367035058046044194e-01
3.531533395505400736e-07
1.955161198657093369e+00
5.914938485603224399e+04
1.546579284592033421e-01
4.733055798215715160e-06
1.660487287347913288e+00
4.921253470453488035e+02
2.386048442206102627e-02
1.420802913135727708e-07
2.152787946498247784e+00
3.347408330130953691e+05
4.601017221311377120e-06
1.977556404989588845e+00
2.249116786149918880e+03
7.894074380569924761e-08
2.022527404957735975e+00
4.061254213664014824e+05
1.206714109578950378e+01
8.637319345089923273e-01
