2.159561021398594405e-01
-5.197508470439557016e+01
3.018904596548007646e+01
2.779391750097849467e+02
1.000327411378904019e+00
1.994045844589667382e+00
1.961455702260211376e-01
9.258816388429449429e-01
9.132420047752710240e-03
9.367160123146404116e-01
4.041422204075725277e-01
1.817745575831894556e+00
2.362323306494284736e-01
1.469308606742025791e+00
1.942972316390370602e-01
9.483190741666658319e-01
7.871669311330110608e-01
1.139754431308457550e+00
1.537242740568381283e+00
1.352087281440331079e+00
1.297048734569034023e-01
6.609736923181759302e-08
2.121108167395024058e+00
5.933465833406188525e+06
5.734518513025024244e-01
3.330953638967913145e-07
1.743028002828892697e+00
3.103130240841707564e+04
5.069486269263695499e-02
4.128610515418677247e-06
1.609362311872357454e+00
1.035727826931703021e+03
6.070986984815557319e-02
2.273955459769671899e-07
1.481482378480766027e+00
7.202160930287212250e+04
5.555409905147603147e-06
1.515642457365743434e+00
1.678704573501938512e+03
2.210004159509149508e-07
2.278410216005842148e+00
4.084662639009546256e+05
2.210366129055954332e+01
1.806775371345054060e+00
