4.335748063049165157e-01
1.898712074142125061e+01
3.012173151767841546e+02
2.890539192088010623e+02
8.007543865363725422e-01
1.293393436840784227e+00
3.623363721672966942e-01
2.269197646518877343e-01
2.136130350354548124e-01
8.393556066005708471e-01
5.193814452636640322e-01
1.020782745376096479e+00
1.017723711888038896e+00
1.333305304040538486e+00
1.568491645694774839e+00
7.280980592479092683e-01
5.834516139880213670e-01
2.721002210863162074e-01
1.829262398389415178e+00
8.427529259329817890e-01
7.640823724939729833e-02
5.249510319352409004e-08
1.477693819504982242e+00
1.077632504197685421e+07
9.489434949359414340e-01
5.025444269285898986e-07
1.488686801765118251e+00
1.538620988648679631e+05
5.402076105869898365e-03
3.958229071300411842e-06
2.395785090755313540e+00
2.307587237230400206e+03
9.433334259708658909e-02
3.180281304138379467e-07
1.820545921186156990e+00
2.024376287944775540e+05
1.111257599821193239e-06
1.848616964478898783e+00
1.526301224622267910e+03
1.698980447888731285e-07
1.481301109550114292e+00
6.946688872218078177e+04
6.185171257981778581e+00
1.614426527683431090e+00
