8.077438179741527335e-01
-2.259032778430849930e+00
2.512444047661590787e+02
2.909846341982246827e+02
8.682989053910696864e-01
1.852071695959969233e+00
2.571591424001072879e-01
4.656674885059511881e-01
1.243675817146642437e+00
6.254924102510678319e-01
3.424332995429196780e-01
9.696252250798601535e-01
2.740079686092916633e-01
1.929386867744270040e+00
5.268437030478382299e-01
1.462546009862282670e+00
1.917391111533545356e+00
1.985113823481948092e+00
1.854533191981054374e+00
1.830352703620765187e+00
1.463364001447702845e-01
1.841850349940040117e-07
2.086026263386759894e+00
1.197628698727815971e+07
8.677036308271834919e-01
6.598843888750800471e-07
1.581669539978196148e+00
1.672166110588585725e+05
1.242933905399601913e-01
3.309511779425744900e-06
2.491847581478517260e+00
3.900954059219890837e+02
1.548494990960903039e-01
2.219432355786217023e-07
1.972360069176757325e+00
2.094909429546333558e+05
4.594563281777181654e-06
1.769470939298253498e+00
2.123428827770832868e+03
1.133509734515394089e-07
1.945998982119374388e+00
1.662653875972151000e+05
1.792940847595389187e+00
1.924115146062887360e+00
