2.737458645526048007e-01
-4.983457577427020624e+01
1.028251926925291855e+02
2.787690304491495112e+02
1.061584842921663441e+00
1.243219569271806435e+00
1.999220519096061910e+00
6.118720407719401289e-01
8.798576008974525742e-01
5.592831188197824321e-01
1.004597335899976240e+00
5.101174335346101429e-01
9.266066346118000396e-01
3.642876542485401492e-01
4.633596101040218240e-01
1.088272278083249889e+00
1.524160185237243725e+00
1.722232202097893738e+00
2.647880323566635385e-01
5.540783896676219067e-01
4.480850993269430704e-02
1.904043124318562631e-07
2.134547676832447838e+00
1.810309638378286967e+06
4.307563352013636382e-01
2.491769640756380406e-07
2.161825352205122286e+00
1.655463124694413273e+05
1.628957823891275525e-01
1.280165711844650522e-06
2.263463320642641108e+00
5.567444511515493559e+02
9.325145700848611052e-02
1.171008675509119542e-07
2.402583444828478854e+00
2.801421015865142108e+05
4.383032965112322759e-06
2.453366116718935785e+00
1.054038186043381558e+02
7.387205006339690627e-08
1.842639676596306453e+00
5.005453057331350865e+05
1.758900372789415911e+01
7.515237205733096282e-01
