1.583371585409762694e-01
-4.231099156564890507e+01
1.377077130509458414e+02
2.889204364004046965e+02
1.404516244715118711e+00
7.864689573155021485e-01
1.936599560264622433e-01
9.066610200022247046e-01
5.820022507468065598e-01
1.297715928581780087e+00
4.468945899131278321e-02
1.397220501785541691e+00
7.287059690506147991e-01
1.055930667763327335e+00
1.605593778940427541e+00
1.216763529245353581e+00
1.224007262563328730e-01
1.445977383251074999e-01
1.050643784043041373e+00
1.936040668678828736e+00
1.708235748275690469e+00
6.199308948194850868e-08
1.732435032311592682e+00
5.511696366153868847e+06
4.948421123620888595e-02
6.510109726847783695e-07
1.666491635523379422e+00
5.474033860224107048e+04
8.508829283620665540e-02
3.254647223851532415e-06
1.489423229740363119e+00
1.950396108345444190e+03
1.270697491837577686e-01
2.796610836690115715e-07
2.168891282499505024e+00
2.291305286358534067e+05
4.428441219625061554e-06
2.368438868540833298e+00
2.042862401601264992e+03
1.761489462296557921e-07
1.977922416781132009e+00
2.752699258860796108e+05
6.643323485654001104e+00
1.910729951887472966e+00
