8.191602053805718819e-01
2.505293155503430569e+01
3.414239320843898895e+02
2.928271935452989965e+02
1.489888946151630256e+00
1.466870042481691061e-01
7.659379890097671728e-01
1.344586954180849725e+00
1.913745210069553782e+00
2.715886739935091665e-01
1.330636107075209962e+00
1.612894058627821980e+00
7.154931536527086022e-01
7.566091239054547612e-01
2.665684589607431043e-01
8.721129213570731897e-01
1.663764272033614544e+00
1.924169664763234699e+00
7.946864400822918340e-01
1.079091680702271683e+00
1.500157384269556360e+00
1.422179387054825154e-07
1.672457840097571147e+00
9.164607948102647439e+06
2.214608774808049241e-01
5.627719690002751783e-07
1.828535961702562496e+00
1.324334022061333817e+05
1.336370941423448422e-01
1.578804939481111166e-06
1.719142161586225681e+00
1.968949375831961788e+03
1.863952288070101770e-01
1.956866713650275995e-07
2.455574713417982835e+00
2.540284730211620044e+05
3.103241923057368616e-06
2.336214800142747183e+00
2.330289969163537080e+03
9.054559908414534834e-08
1.470070496257092296e+00
4.133365986392153427e+05
1.322748954786512599e+01
1.437996513135731513e+00
