4.827968827802777696e-01
-1.826710134420551412e+00
1.143550223573226816e+02
2.912968046100362471e+02
7.199101786979463791e-01
7.226889209004938586e-01
1.567207589541611101e+00
8.969589609786549067e-01
1.488967028823254823e-01
1.850503210971683909e+00
1.280800525949309376e-01
1.864146258050759286e+00
6.653654148665354429e-01
1.615187214443747576e+00
1.880283248468442192e+00
1.772705114890466671e+00
1.367279480386227042e-01
1.085336227766317663e+00
1.208241744768884018e+00
1.462295800465119422e+00
5.045448704267897488e-01
1.761266376562930716e-07
2.402680580701755275e+00
1.448482280767413974e+07
7.956317992122259319e-01
2.226799311867302337e-07
1.452016764307428209e+00
1.216118094662346848e+05
1.967567727252973186e-01
4.842048379432230563e-06
1.940387505843346183e+00
9.897247239709241740e+02
1.964307972445176187e-01
2.373157475995770770e-07
1.821340588632236912e+00
5.069686649997671484e+05
4.238175617317455554e-06
1.684272250427878870e+00
1.337622320368751843e+03
1.695909380147942905e-07
1.565893484100405075e+00
4.344603969367000536e+04
7.814354912591944924e+00
1.538320528344949922e+00
