6.488349574241610851e-01
-4.718307609918059597e+01
3.634316136007916498e+01
2.903553089417621891e+02
1.858094673426721855e+00
4.933138036044767416e-01
1.729513687367087771e+00
1.134949746110261115e+00
7.403350010442604628e-03
1.589504273060739381e+00
1.774891058571578251e-01
1.134584824096401601e+00
1.842312530890492184e+00
1.633874601648630520e-01
7.142509784211196200e-01
1.483175758796051236e+00
1.042120168851942974e-01
1.623119574504655327e-01
9.851450985262797388e-01
3.600147884477262195e-01
3.451878227959975232e-01
1.226739264534008549e-07
1.457170557919899245e+00
1.047917730409193598e+07
7.276788357910916882e-02
5.437366867422886077e-07
2.142103470902807949e+00
4.129715375326458161e+04
1.191391730937486210e-01
1.076241881350249555e-06
1.658497358077321682e+00
1.478389426528721515e+03
1.879739701456912826e-01
2.272614635895022126e-07
1.855745404007950849e+00
2.529670714992110152e+05
3.562418099356863119e-06
1.496014716444364678e+00
6.915721393751229016e+02
4.961874500976125129e-08
2.080618001407716910e+00
1.482734850108523679e+05
2.131404497954981636e+01
1.287080356188548880e+00
