5.588009428364044684e-01
-5.431792302592171495e+00
1.113527425607794612e+02
2.993909294334591777e+02
1.499660251833214719e+00
1.168158787194570669e+00
1.018922545099523402e+00
1.973562803955865697e+00
1.985458864798949064e+00
1.429067433894723793e+00
1.952890888512213374e+00
1.789645244864217499e+00
6.962560424499679712e-01
8.963228921738917165e-01
1.725032062225376084e+00
7.648587795085202146e-01
1.978878730855763823e+00
2.348765545905874552e-01
1.887357046807536465e+00
1.360244937272754751e+00
9.763123368463419993e-01
1.808977487800538388e-07
2.463243105845744907e+00
1.270646271908767149e+07
2.367408573610835787e-01
3.333097668057469828e-07
1.416903967707360712e+00
6.841587921065442060e+03
8.961736057280267342e-02
4.390225363611942883e-06
1.546570598833862054e+00
1.308608136540356327e+03
5.602737189882957269e-02
1.825445433070588213e-07
2.412345708028037272e+00
1.808945926422147604e+05
4.107110062655033767e-06
2.459471698622104796e+00
2.010918379409627278e+03
2.019617073440139229e-07
1.668928766707583389e+00
4.805983226273428299e+05
6.567653397232421142e+00
3.652768934249977107e-03
