7.158454189246981070e-01
-4.876824376272863759e+01
1.901297911899794144e+02
2.810119193930141819e+02
8.995493807292954669e-01
1.054413733412489673e+00
1.520995136162740957e+00
8.164635490862368616e-01
1.914776303745350239e+00
4.670093054792056053e-01
1.697818294726628485e+00
6.223036562815195127e-01
6.369561595692464773e-02
1.081277761206638877e+00
6.638663623869888175e-01
4.072968653810643547e-01
1.036507213904961366e+00
3.388676546709638027e-01
1.408240203930362533e+00
1.081787521985186684e+00
1.769724671208875888e+00
6.107658115138667853e-08
2.353316958562222005e+00
1.478565445563774183e+07
7.277641498811340259e-01
5.956624595372609823e-07
2.493326376773862485e+00
7.864950392896456469e+04
1.859500211540669745e-01
5.195533632053799810e-06
2.035812376005923241e+00
2.286081312639323642e+03
8.561368105628205591e-03
2.778334616600713900e-07
1.413312942532133354e+00
4.465487732326181722e+05
1.089721978292932179e-06
1.907697989264085514e+00
8.842116915949196709e+02
1.204445871284162806e+01
1.666124741154170197e-01
