5.069489248005663029e-01
-4.663247832200892162e+01
3.140419653714732249e+02
2.751874041251419953e+02
1.740066707467109897e+00
3.367994591269169447e-01
1.552223779203998566e+00
1.777398537315909799e+00
1.322106777492810137e+00
3.070518452071962501e-01
4.831672013062273674e-01
1.964931745149070874e+00
4.191694587124823457e-01
1.667679658598783421e+00
3.576065337033270675e-01
9.697989480549484842e-01
1.855474079165818191e+00
1.932604385889155063e+00
7.503851708897062434e-01
3.601431260675075907e-01
4.841887585043396225e-01
1.073374847221062803e-07
2.086571737866728782e+00
3.914208840032564476e+06
1.088984683112656782e-01
2.719567144363767625e-07
2.466471236363464214e+00
1.567931788773172957e+04
1.674236687615188734e-01
1.518021796796079456e-06
2.496796986215650271e+00
2.334542916755552142e+03
9.974324635767131686e-02
1.357946913620301900e-07
2.314677634063428524e+00
3.873509891880907817e+05
2.716522581810970752e-06
1.517516241147841560e+00
2.345084959927534953e+02
4.781256907113361282e-08
2.499276100906517861e+00
5.264717414364913711e+05
2.291637575620469391e+01
9.650002693005176324e-01
