1.655049670420561947e-01
2.899346597414925952e+01
3.339735296032314977e+02
2.823593237905685100e+02
2.148943819192976612e-01
1.546871714483241789e+00
1.474104764486177777e+00
1.640713100276427250e+00
9.763448773527674263e-01
1.112909660208842189e+00
1.716688589219820038e+00
9.350079830692618055e-01
1.700832872293519538e+00
5.499649243524137310e-01
1.345937065173212099e+00
9.232812649240774716e-01
3.588049313988741496e-01
2.110659476952043423e-01
1.707905485429984216e+00
1.117110122026738095e+00
5.103722674629150857e-01
2.333624013649212168e-07
1.828805339442626465e+00
3.868682324619745370e+06
9.752624130367548716e-01
5.491107046217675369e-07
1.833204754838268391e+00
1.515459155701351119e+05
1.564028211140248148e-01
3.553849912923460275e-06
2.249220700734022582e+00
9.153033707781098371e+01
3.157689146212373787e-02
8.633779333995875667e-08
2.257869869973051724e+00
7.853808583134757646e+04
5.148407685060208315e-06
2.012926857603881903e+00
1.078344130675326824e+03
1.019093909167358980e+01
1.451196087888404929e+00
