1.906203547812303500e-01
5.477069239775565279e+01
1.941101028286853136e+02
3.016693525692894582e+02
6.259618567594407157e-01
1.876895326862209057e+00
1.560446573111661239e+00
3.723839142849365014e-01
6.537899101780938471e-01
2.981101937922572831e-01
1.011640311621795074e-01
1.964877564052263104e+00
1.108653799076892321e+00
1.494336204254557821e+00
1.584974456795103182e+00
1.874287428066914396e+00
1.795900320796920635e+00
1.357032533731487023e+00
1.695522947673475223e+00
1.146433571902879089e+00
1.398985026291966971e+00
3.210471519904868654e-08
2.423692480493884638e+00
8.590110480319531634e+06
2.151524193781186867e-01
4.691392681842089360e-07
1.631412072091399157e+00
9.404707466669204587e+04
1.775101470467992937e-01
3.853500717627037728e-06
2.499722999408096946e+00
7.922007108901869969e+02
3.986523384774300072e-02
2.585243821337584423e-07
2.058269315832636615e+00
4.511380741632301360e+05
1.934328796895799291e-06
2.425244609274091356e+00
1.504622207057074775e+03
7.654388323565017699e-08
2.035464891858426384e+00
1.211557271800542658e+05
2.255181694488717881e+01
7.652297592550977301e-01
