6.332551653578128992e-01
2.186967559794655358e+01
2.335992676486396249e+02
2.917747013619523386e+02
6.859429744406252416e-01
3.769264098263673257e-01
1.146923795453045902e-01
1.511951023884235079e+00
1.797722713286906693e+00
4.957919061785153181e-01
1.520342032969566270e+00
8.698017422898234319e-01
1.841089350613260622e+00
9.193038641610037365e-01
5.837545841923666989e-01
1.518605639828453369e-02
2.238680956834507296e-01
1.541727904695840090e+00
3.367742246420886709e-01
7.038482240531444001e-01
5.939886518982417929e-01
3.216872228165516976e-08
2.148285879126238029e+00
3.688821120354110841e+06
5.551970697934627275e-01
3.092146267602401807e-07
2.301064436071798447e+00
6.735776521076621430e+04
1.394413553951505125e-01
2.111291543370825029e-06
1.896681301670872344e+00
1.365234870256205568e+03
1.652842261689196901e-01
1.883918602192305816e-07
2.377138589224087273e+00
4.697050409960518591e+05
4.829076732885832077e-06
1.904557109357403633e+00
2.863496247188882080e+02
1.889294897985791001e-07
1.401346849583754661e+00
2.293271654872594518e+05
2.337999267828515570e+01
1.854469522247187196e+00
