8.380695760880900735e-01
2.568481783154859954e+01
2.380435388975911053e+02
3.116510149989033494e+02
4.245167159752621377e-01
1.802784883916010772e+00
9.202431280381198064e-01
1.113809251376629117e+00
1.899706406633795863e+00
1.764632227612799253e+00
1.653732336768517275e+00
4.539547768662265392e-01
1.862162884131273399e+00
3.064153459854173089e-01
1.477563626723122359e-01
5.699213350848573167e-01
7.773041387758012899e-01
1.415814344889419596e+00
2.428652349766300123e-01
4.149312983684887990e-01
1.567286783353729840e+00
9.199409362217856492e-08
1.848405686440718121e+00
3.316346087982715108e+06
5.943489967416187847e-01
2.009586902638817660e-07
2.246941264510709413e+00
7.227573830430046655e+04
4.072364453116927852e-02
3.917271117000536072e-06
2.058241782034510692e+00
1.214424160419164991e+03
1.716177840016883394e-01
2.901461729645444467e-07
2.347652810694023984e+00
3.152970218864501221e+05
5.689983583235041480e-06
2.325463114061246284e+00
2.053264832982776625e+03
1.358903119092336978e-07
2.389127157399110857e+00
3.832016858524864074e+05
5.626398814293776418e+00
1.835765783414531116e+00
