9.646612719889916532e-01
5.157456240929872138e+01
2.455206380779465576e+02
2.921774211313018554e+02
1.983812897353786520e+00
2.764832153519567459e-01
7.704619849863361125e-01
4.174951626828333762e-01
1.758491198248322451e+00
9.811178821536671313e-01
1.309289918172236833e+00
7.016478615821279963e-01
1.558104874844066678e+00
1.630585712548377364e+00
1.945955712357281264e-01
1.321405144556848210e+00
7.878396639319029671e-01
9.994450209778376060e-01
3.310368010658074622e-01
7.041853246347486994e-01
5.115509629472353437e-01
1.225279043184441471e-07
2.098002883625756265e+00
7.230909568333586678e+06
1.046866481150108691e-01
4.955582523007366496e-07
1.601634155308389484e+00
3.138813088134578720e+04
5.960454327020800469e-02
3.738407522110849971e-06
1.702380110698886506e+00
1.606462331877221231e+03
3.046330822135630279e-02
1.517432397363282865e-07
1.994393841142430457e+00
4.754099915760873118e+05
5.943667613754844940e-06
2.303580035405757620e+00
7.334464354407657538e+01
4.688918924834265642e-08
2.058671077358694035e+00
5.208921478585415753e+05
1.454395147465618798e+01
9.591001994211559856e-01
