2.327044678385963017e-01
9.875471802152702594e+00
1.934664489120492874e+02
3.003503343738354943e+02
1.991884646416134608e+00
7.192558191952324043e-01
4.831056161932150150e-01
7.685515541983906074e-01
7.854110831781184743e-01
8.745187048654891049e-01
1.858370018915305177e+00
1.154321839133810146e+00
1.036456757530504147e+00
1.866500405994014899e+00
9.364970622592063698e-01
3.026482720747192268e-01
1.756882165142729990e+00
1.695301055527977274e+00
5.520820035788525093e-01
6.708394170586226002e-01
1.398925343837202240e+00
1.866668070784653747e-07
2.432125761329043012e+00
7.950251852910624817e+06
8.295929341307084481e-01
4.417961056063135998e-07
1.430493706103444840e+00
9.872790453024111048e+04
1.159227360742046686e-01
4.454878310204858937e-06
1.870738225905154373e+00
2.263139634410538292e+03
1.672390349724474923e-01
1.019569144216529185e-07
2.431483979210860014e+00
3.350937738382276148e+05
2.024354756609995263e-06
1.883636329162329925e+00
1.454922220524695604e+03
5.125593122632433851e-08
1.544015735332020967e+00
2.123093158086898038e+05
2.308798561847152087e+01
1.008644881678946170e+00
