2.795259806378036505e-01
4.212952343743788219e+01
3.626879161519441936e+02
2.749987512941177101e+02
1.282178485763611375e+00
6.038466799942358021e-01
1.984502945543969776e+00
9.713042474490742872e-01
9.553957352492760124e-01
4.476453070665383227e-01
8.159072657594380884e-02
1.868488795399151359e+00
8.282940786795879307e-01
4.998373751680036392e-01
2.953411871243100117e-01
1.397153022705228231e+00
1.006298028763669583e+00
6.312690591898152404e-01
1.623005123944292638e+00
7.176241929505883244e-01
8.298769252611369884e-01
3.794912897315719103e-08
2.421503359908888875e+00
1.570544495762681775e+07
6.931163813807600382e-02
4.896584425962003046e-07
1.695406640185321390e+00
1.057657307812022191e+05
1.934045828936716560e-01
2.109279970286731077e-06
2.347860736184030905e+00
1.590433679489987071e+03
2.732437803885603630e-02
2.944028884841937681e-07
2.466716258883325796e+00
2.670787094151169877e+05
2.213421428885716593e-06
1.530391088604107441e+00
1.325473312464742776e+03
2.019654471937410989e+01
8.648324297479571543e-01
