6.001958891960318399e-01
-3.396511004761914876e+01
1.114152038185242901e+02
2.895975948057328537e+02
1.344648177778071441e+00
2.544816088935356047e-01
5.519423597709527396e-01
6.261608771822584352e-01
4.711589323564688847e-01
1.464221684939979617e+00
1.618586082409629201e+00
5.973478365052199424e-01
9.561912583330993420e-02
8.241460729647900330e-01
5.705908308191444123e-01
4.207639044639022718e-01
1.708698023126097310e+00
1.265116850118382041e+00
1.648374317297547131e+00
3.532391939855469842e-01
1.265640118572002315e+00
1.683547870524416057e-07
2.023012166632144115e+00
1.414984611622948572e+07
1.979470924988203928e-01
4.229365698054022264e-07
1.689625846417188715e+00
9.527778981934287003e+04
8.586441884006607017e-02
2.274249211461880365e-06
2.422314183294516088e+00
4.159884689994476616e+02
1.866546638492341467e-02
1.163930243602930574e-07
2.369686660722233107e+00
3.004667483864693786e+05
1.170722968693876007e-06
1.433853532215947801e+00
1.077686966096217702e+03
9.257152830520591434e-08
1.705128076050922648e+00
5.128083450611652806e+05
1.453642848005621602e+01
4.811183638703050991e-01
