8.857665980668567585e-01
3.382408234659115465e+01
3.129470367182610175e+02
2.806182845484228210e+02
4.817263168575337540e-01
2.017401339138797378e-01
6.048591200409334512e-01
1.256933612972371606e+00
1.850509077027079341e+00
1.806475506802220687e+00
9.601941494492877149e-01
9.325530547843838836e-01
5.420183162389573539e-01
1.129705126369481283e+00
1.977140260473748024e+00
1.708699420211971631e+00
1.197222115602500248e+00
5.558310083606013974e-01
6.792008988590051421e-01
1.260935246151660527e+00
1.231592698475248326e+00
1.031747915523544783e-07
1.564974587567170339e+00
1.429009405597130023e+07
1.295996129064014301e-04
6.201953034177874768e-07
1.588623725351325122e+00
1.268400279940596374e+05
1.950678837869423421e-01
2.092624850922039645e-06
2.037895097376685172e+00
8.626335233784474212e+02
4.891061155442905095e-02
2.082079353954760400e-07
2.280739838213161619e+00
5.254466418626680970e+05
2.652527115835648625e-06
2.170255219300545324e+00
1.912548155212886513e+03
1.852163519383907297e-07
1.554633689915127626e+00
3.978589068161973846e+05
1.562553496778807727e+01
1.732618667827663939e-01
