7.842369953719329212e-01
-2.628789886949474663e+01
3.518470374528240541e+02
2.912172026868244075e+02
8.195262726377614548e-01
1.898602084709160920e+00
1.863526918267756516e+00
3.409336895126248712e-01
7.793796883191910219e-01
1.049357388824307513e+00
5.136750591244688691e-01
9.853146128249716529e-02
2.090398885011646724e-01
1.883158822899581308e-01
6.390049146093703669e-01
1.682998538350708451e+00
5.031389216905056694e-01
1.642460137516467578e+00
9.065730655330210552e-02
1.956252139410068924e+00
1.827643164204147741e+00
1.042254668803980960e-07
2.138103532966653564e+00
8.069761055157935247e+06
6.970261945343361187e-01
4.566551014860915398e-07
2.162204042787969627e+00
6.029513088420340500e+04
1.436459069724570214e-01
2.041517996179622987e-06
1.604266160662077390e+00
1.880450141411048889e+03
1.250900486750716224e-02
1.606575748405824190e-07
1.867124052629448805e+00
9.527604037349707505e+04
4.595777770549355652e-06
2.478863843406273748e+00
7.764202393687766062e+02
1.677047305609966230e-07
1.528662189490503032e+00
1.988838426933608716e+05
2.309292255778496639e+01
1.384420902764455619e+00
