2.218884690232800216e-01
1.571434488664598916e+01
2.651511154311152723e+02
2.959250974582660092e+02
1.531691104398775982e+00
2.291419942017156319e-01
4.132817144013265498e-01
1.751875104738210398e+00
1.625057101582195740e+00
1.265004546078279501e+00
1.633398860654206031e+00
8.756528777168220978e-02
1.429258929612571283e+00
1.369199188373328768e+00
2.102971792117290240e-01
1.012731932237165733e+00
1.601826648333303016e+00
1.190648111527628839e+00
1.370612346976087803e+00
7.862483533772695043e-01
1.743110245940502345e+00
2.029890542877707909e-07
1.548669505020928039e+00
2.983282269403575454e+06
9.281542997709935072e-01
5.020480352425818630e-07
1.815429430516281251e+00
1.388017702689583530e+05
4.267959623601684516e-02
5.214073422363975267e-06
2.452063627140363522e+00
6.487422515848402327e+02
6.805052312266106351e-02
9.284405248034838492e-08
1.635006774048055389e+00
3.625440515898346785e+05
5.705726738138597108e-06
2.225899798880938363e+00
1.814165384992415284e+03
3.888455269630734842e-08
1.849519130679730949e+00
4.706068477341770777e+05
2.034294464754120213e+01
1.578114646120539089e+00
