2.806463112802636273e-01
-5.460706094741921390e+01
6.167684131243750301e+01
2.769000694913912071e+02
7.643691007279018734e-01
1.247621186422706030e+00
1.846407508474334991e+00
1.847629196138884378e-01
1.533586926616075763e+00
2.195717068323946308e-01
3.516894782180328693e-01
7.944482640914267702e-01
6.289569162489427878e-02
5.243027971683954513e-01
1.362222518365896473e+00
2.005854901276440949e-01
1.680304334883479189e+00
6.900101066616483036e-01
6.403117373440649907e-01
1.315065318488035206e+00
8.356111835771630192e-01
1.361943865108069568e-07
1.661307839240161899e+00
1.248634081480968557e+07
5.831536253605987818e-01
2.102356444570816726e-07
1.836395991122554694e+00
1.053922621409209823e+05
1.973972386727884665e-01
3.802324336458006149e-06
1.915417032233688754e+00
1.581192269607985054e+03
5.774916296285483031e-02
1.587244123978399914e-07
2.232697198719084231e+00
1.562299050230942521e+04
2.931066744325507398e-06
1.456025709417262171e+00
2.046266897272947517e+03
8.115047777238204623e-08
2.351652198005054206e+00
3.372285790202872013e+05
1.327702130771877265e+01
7.311708226203774696e-01
