9.663991517695732503e-01
4.721714607751319193e+01
5.609658483518535377e+01
2.629955668202323409e+02
9.587932103238486770e-01
1.874558756300518825e+00
5.293988420453005217e-01
1.043666051330349315e-01
7.236492977470413424e-01
2.851432334538318014e-01
1.960965020865703901e+00
1.296864521263592973e+00
7.177601681730691463e-02
1.823013924071310798e+00
1.688511552084037692e+00
9.424286814424196468e-01
6.964183769642371402e-01
5.825938938499145570e-01
1.663706553267703392e-01
3.713676042317409776e-02
1.283576161890143119e+00
2.319425118258969613e-07
1.704308972790056886e+00
3.378518051768318284e+06
2.422145733173223237e-01
2.929829012231843493e-07
1.786771447309646765e+00
9.632775699474708745e+03
1.631456082720791623e-01
2.788700614830157491e-06
2.245312618344384337e+00
1.735620512313272457e+03
6.597689242330333215e-02
1.787211096258625343e-07
1.655669223120795674e+00
3.239027583715742730e+04
1.116610515957475197e-06
2.401961251264563835e+00
1.226523860085330398e+03
1.408289176893714887e-07
2.008097243267430887e+00
1.449149836895015324e+05
5.602557735827295105e+00
1.797725390151933000e-01
