4.319183981326911170e-01
4.514694810772229516e+01
7.259912935114704169e+01
2.688292828013755411e+02
1.891306983966011046e+00
2.642683323421122776e-01
1.180192628036795810e+00
1.868891783746220892e+00
3.480662186420834248e-01
7.779002639517358375e-01
8.156814795314554223e-02
1.227005985554189715e+00
4.909725266913248509e-01
1.515489221330236669e+00
4.638265802378452873e-01
4.629078254542213777e-01
7.539790836000883623e-01
1.733144781544739610e+00
1.639858953411545417e-01
1.110883745869428063e+00
1.033844184653038401e+00
2.174566010843781083e-07
1.418365608848025206e+00
8.210532978329603793e+04
2.714044955617826993e-01
5.804893728199113529e-07
1.806144926617154756e+00
1.399063955437016557e+05
1.819545500750929801e-01
1.529655904159221301e-06
1.785865665828180404e+00
1.269460392838052485e+03
1.238363153567701991e-01
2.934586984588507414e-07
1.804377755793124205e+00
4.380829732871997403e+05
5.628740220846235671e-06
1.617925258110398001e+00
2.202752341065729524e+03
3.588807258367177955e+00
1.585934310857450014e-01
