6.172865283026738314e-01
-3.045113060994962240e+01
2.135610720673434173e+02
2.824745085013522043e+02
4.813300672144834036e-01
2.404517672965156005e-01
4.097693206545992561e-01
1.870187047099439170e-02
1.817764828208384253e+00
1.006577463425097463e+00
4.309080437723945001e-01
2.788055098505610729e-01
2.036818100588969060e-01
1.175886778237133390e+00
5.392942013608541529e-01
2.598555086057654506e-01
2.792236494085817422e-01
1.413371801744648382e-01
2.403824546669478812e-01
5.825821612264654448e-01
1.720933671455542102e+00
2.648512465862892592e-08
2.112822220662568196e+00
8.796743618775464594e+06
2.246442006095601962e-01
6.052244320650473119e-07
2.452535864459119530e+00
1.352463469026600360e+05
3.778528205674378665e-02
5.830228264174828161e-06
1.990177120198328709e+00
1.236974309693041732e+03
8.994154906078494216e-02
1.755362079160620569e-07
1.510979767531884344e+00
5.532628693961653626e+05
3.317448148278110936e-06
1.689852746139248296e+00
2.333994943391318429e+03
2.463949050585403810e+01
1.367307228552139264e-01
