3.121467917750079257e-01
-3.903056354277238427e+01
1.385543895311277538e+02
2.820587330949306306e+02
1.408966173764940599e-01
1.934801952897319044e+00
1.422537250483844717e+00
6.985269647088283573e-01
8.644141239945800637e-01
1.632024421709262763e-01
3.092686336974958400e-02
9.115850269733619116e-02
1.663833235935067822e+00
5.345335282648354669e-01
1.318838350535050719e+00
1.729293914366205831e+00
7.390002670373543303e-01
8.698381981348297584e-03
1.025509614330977204e+00
1.008617567429793915e+00
1.281286126060171338e+00
1.534993341108483803e-07
2.321098698313524444e+00
7.476344063492327929e+06
3.100502270639093338e-01
3.179508655572823777e-07
2.147514930884642403e+00
1.091949530843596876e+05
7.007449469631359118e-02
5.565705909291553898e-06
1.937415123415428875e+00
1.698755612811560923e+03
1.398933116077987759e-01
9.193282550368540961e-08
1.572774754757756188e+00
1.116402187610574038e+05
2.875796905827798264e-06
1.801310662304202781e+00
1.205850639515850389e+03
1.927769324323108440e-07
2.394385196247477587e+00
3.183124035825553001e+05
1.957540463208950143e+01
1.343906418823348936e+00
