5.164553603702920492e-01
3.189534187975668544e+01
3.041694240200611432e+01
2.446480958471781264e+02
9.484799914957637856e-01
5.554397523895858724e-01
9.695343615575749974e-01
4.921159967408666458e-01
4.446168324925465765e-01
1.970679450426051860e+00
5.970148991988658560e-01
9.450096067007773826e-01
3.002940581321440483e-01
3.655106005250189360e-01
6.764867182845996085e-01
3.937829322178822977e-01
1.258887487250674564e+00
6.558043435881190097e-01
1.509405024006015283e+00
4.560137871216090044e-01
4.975756004677296951e-01
1.036147248390145063e-07
2.363460082724214928e+00
8.001324921987490728e+06
8.244848667355813010e-01
6.077198457832944709e-07
1.845390111977418535e+00
9.132653353323623378e+03
1.902124667273784875e-01
3.634050907557826644e-06
2.352630388208131862e+00
5.730254370726620436e+02
1.932551938737355479e-01
1.350429901823276705e-07
1.904383919294476701e+00
3.014176891313880333e+05
2.845494398431072766e-06
2.008081808842051785e+00
1.048866238707581715e+02
6.603368333540118040e-08
2.426427887646910087e+00
5.294475970906865550e+05
1.972446239910338406e+01
4.117795896991962579e-01
