5.723102247026364831e-01
8.977945003054500717e+00
7.756859831584246479e+01
2.972988370436402192e+02
1.248527151616416475e+00
1.851765480443414269e+00
2.472147429890388659e-01
1.066818143691981913e+00
1.077721621794725415e+00
1.565230051192735505e+00
5.224504849071662793e-01
1.403730014072418486e+00
1.763488382365411944e+00
7.624366836962785943e-01
1.382771347396303474e+00
9.136661278275016729e-01
6.346588397854500130e-01
1.745389137812117575e+00
1.283769141245985734e+00
1.649336647040386294e+00
1.690278573124152361e-01
2.064503966478073897e-07
1.840109268804583031e+00
1.585793457293583266e+07
9.253298397462517144e-01
5.709393777731650228e-07
1.588206068768535317e+00
1.371432012274911394e+05
7.200069052378921253e-02
3.451364858678481758e-06
1.810969287846318609e+00
2.063073090469454655e+03
1.863121387166983556e-01
1.054979951579712388e-07
1.408671863514374678e+00
2.165419542746884326e+04
5.124799354083105397e-06
1.562092595215016644e+00
1.215185955310676718e+03
1.152426485987779081e+01
1.243923646584900629e-02
