4.435748271990118674e-01
6.032698276917926705e+01
3.334715677578685700e+02
2.352360193091563190e+02
1.540167475738071667e+00
6.580875683802451803e-01
1.057686632178309383e+00
4.285435724539675140e-01
1.921650239372280300e+00
1.816527227388463617e+00
1.814140208295192958e+00
2.387734411042656824e-01
1.183064891433754040e+00
6.690759587633930972e-01
1.772501560190099301e+00
7.171641389135168243e-01
1.125562099938366423e+00
1.217603331669877997e+00
1.251953908882747379e+00
1.273315561116634020e+00
1.196128130505790810e-01
6.251970373789293856e-08
1.592425292353063737e+00
2.679529131012680475e+06
5.103021485292996706e-01
6.299627620804776835e-07
1.967257169453428212e+00
1.472262906578058610e+05
1.394493775154394613e-02
5.652508873167211065e-06
2.075057383666652377e+00
1.207618435810254368e+03
4.325775502996542093e-02
2.068529716324286865e-07
1.938686550938082398e+00
3.222928038433722686e+05
1.179625046817297549e-06
1.913361198727123957e+00
9.176549244773398186e+02
5.699168008740780041e-08
1.893854855028217488e+00
1.301813972987649140e+04
2.273981459602008215e+01
1.988935214475862967e+00
