1.974860609330715833e-01
6.537390876128796435e+01
2.210091885620289247e+02
2.823045682350983725e+02
6.596203120737462733e-01
2.678612694610883471e-01
1.402786637288889471e-01
1.136451118179048869e+00
1.242538377624315737e+00
2.801641554842582496e-02
6.158428687085143460e-01
7.095146250339314786e-01
1.399867419549016168e+00
1.815615922453952757e+00
1.264253862031975650e+00
1.738710010095999348e+00
9.024440677779058673e-01
1.773159588972408995e+00
2.244063551900319364e-01
1.340966235889354374e+00
1.326384866265284623e+00
2.005186268235614429e-07
2.086107977304576533e+00
6.974900542857404798e+06
7.523782255413112852e-01
2.708331813939717481e-07
1.600091771553824538e+00
1.950002723433498250e+04
6.779853924597366299e-02
2.165559314149550096e-06
2.033958877973837787e+00
1.159330269374493810e+03
6.198587620213157762e-02
8.427825497967786036e-08
2.351567842511660178e+00
4.765622550959702930e+05
5.153647362219033139e-06
2.391663444101626457e+00
1.456141565851949281e+03
7.887206548285363693e-08
2.442172580191177111e+00
1.177182041513081458e+04
1.475457577639580720e+01
8.623030865217339302e-01
