1.743526386429031239e-01
-1.737186840916162822e+01
3.559581017032941759e+02
2.935980766753633588e+02
3.090975151278967936e-01
1.056716744657647977e+00
1.409593626440616365e+00
1.026118492043614827e+00
2.224607227192169634e-01
3.251810591693864994e-01
2.965141649500170895e-01
1.615594072416698390e+00
8.763429964543349993e-01
6.713381273969601382e-02
7.222497806219233540e-01
9.747894227340982987e-01
1.962504127589799197e+00
2.875148277083317550e-01
9.681482441478017620e-01
9.391212579714089959e-01
1.945948890667630549e+00
2.522902900353189886e-08
2.248033022695826055e+00
9.141978773871034384e+06
7.251115971810010441e-01
6.960366350144071838e-07
2.115475835011678907e+00
1.065488963330949191e+05
1.627000661023501049e-01
5.193510378889010706e-06
1.586515197744031491e+00
1.997802204934466317e+03
5.693673456530984334e-02
1.556966447484545119e-07
2.181016513933229817e+00
2.204046749755833589e+05
2.131963336188883336e-06
1.808302071152024793e+00
1.778060927069841000e+03
6.497707389041790016e+00
1.532367563405303112e+00
