8.805501868543283983e-01
-8.328300188145476568e-02
1.649037529417645374e+02
2.988408602720805902e+02
5.656749143034450755e-02
5.429731734067553273e-01
1.901369763099699517e-01
8.917760331394654072e-01
1.313372828741133702e+00
1.867780579986652589e-01
3.375443077334254749e-01
1.642513754240432000e+00
5.036755806086034015e-01
3.721741994847525825e-02
1.093464452208885662e+00
1.523797408283471100e+00
7.039913520811018621e-01
7.411694360858706032e-01
6.270960961401127465e-01
1.520196873485845757e+00
8.120600721246831188e-01
2.487196586823775739e-07
2.257193612096366042e+00
9.148817289256727090e+05
4.686332327215293747e-02
4.050259471704959098e-07
2.102703208865088325e+00
6.867591162308483035e+04
1.902210285902879508e-02
2.381478957554372677e-06
2.290138549712210203e+00
7.208053394615236584e+02
3.839572819254893216e-02
2.439560217433573728e-07
1.485509368597601076e+00
1.755355943188804376e+05
5.965774303501256498e-06
1.507583943681863881e+00
3.939983456177641585e+01
8.443828945234990613e+00
1.930767394772810785e+00
