4.307815207742722308e-01
2.794802758296488321e+01
2.413334203251698682e+02
2.837471515475778006e+02
5.777153183407483794e-02
3.435256095356366557e-01
2.146541358308142744e-01
8.120458112809517681e-01
1.155056208702691656e+00
1.147753511179246955e+00
9.086516579475162336e-01
1.164134846442649751e+00
1.091620725255163293e+00
2.978551376451943344e-01
1.139375261388982041e+00
1.089239829901183843e+00
1.057215448801911206e+00
1.954364384603990201e+00
1.865674256098347472e+00
1.392183091257263250e+00
1.639250346987818130e+00
9.704783298841952395e-08
2.362011483373751997e+00
1.255595242021968588e+06
1.115492184444858426e-01
3.027237699824400715e-07
2.441226058406003041e+00
6.521722544387237576e+04
1.170806899655432720e-01
1.727614684607671065e-06
1.563428215272649968e+00
9.472043834515236540e+02
7.537315050405460348e-02
2.337225529875505489e-07
1.508022215782204523e+00
4.397007020755331905e+04
4.927229004413233272e-06
2.109811729188966645e+00
1.314552759134929147e+03
1.177026156686989861e-07
2.236116836315249046e+00
3.721415304381967289e+05
1.719378915657859608e+01
1.767303858272133432e+00
