8.447521075631133636e-01
6.049453945151554990e-01
5.482503455362424916e+01
3.017519907082977397e+02
2.557555382124502841e-01
1.576793740411268074e-01
1.223459078024126123e+00
6.848311189786787656e-01
1.488701793404774820e+00
1.236486147945966146e-01
1.607318283133825743e+00
1.566677826314970989e+00
1.094393515701998165e+00
1.809141198758288160e+00
1.493502033682562180e+00
1.222791416418541832e+00
1.026935093591892612e+00
1.559146690542869917e+00
6.960291965276100834e-01
1.934463602953520489e+00
1.185490596758953075e+00
2.168775261146640869e-07
1.500593195035180960e+00
1.387394541756897233e+07
9.528244381908317351e-01
4.785099744704201022e-07
1.988496355611209410e+00
5.250770757935746951e+04
1.132891308243384326e-01
1.749990559718994102e-06
1.840938459242874803e+00
3.959171842244523276e+01
8.030921213208253029e-02
2.723437075244682584e-07
1.539350124076466653e+00
3.411725023577778484e+05
1.970123199281605393e-06
1.530278692181343603e+00
5.975875253274014085e+02
1.753015217174253124e-07
2.433390857144511976e+00
2.883726560064037913e+05
6.245640129476202063e+00
7.724435080810492238e-01
