9.957391718903647604e-01
-2.648506107239658292e+01
2.071422479846352758e+02
2.901059543417175064e+02
1.441040283114018550e+00
1.944863901070153389e+00
1.387106789767788895e+00
1.431595604233759866e+00
1.109137510384331726e+00
8.188899629410695269e-02
6.574443970078855948e-01
1.303290559063169818e+00
7.521053984836940653e-01
1.020532670378384354e+00
1.511770905321817793e+00
2.889824884275207229e-01
5.578823999492969060e-02
1.656824873117823449e+00
1.296105611728953999e+00
1.481414448741494638e+00
1.363386843514480806e-01
1.200341738147877201e-07
2.014974440368749953e+00
1.101467026553433016e+07
7.783416203178231685e-01
3.916938703058897411e-07
2.365779884441246761e+00
9.849836909747526806e+04
1.301740271560683782e-01
4.489969433946428636e-06
2.434234830131586591e+00
1.209564672741287723e+03
1.999170600319915003e-01
2.173193258192325613e-07
1.496574805001971598e+00
3.301512757724261028e+05
4.579829548230070881e-06
1.619745229250620921e+00
2.197198051546563875e+03
2.750838807876004211e+00
1.188769378332614479e-02
