2.928570438477215987e-01
-1.109225953774441109e+01
9.627198427185459195e+01
2.922983047983320830e+02
1.305474918982632238e+00
1.530117569793687737e+00
1.534830650409352515e+00
5.172998938950649217e-01
1.862536109665748230e+00
7.436435248027791767e-01
3.362365455376051249e-01
1.310889615907637973e+00
1.350347438162033398e-01
1.854359240347523530e+00
1.221889538115178864e+00
1.833669317392346398e+00
9.193252838982549635e-01
1.778362798822428648e+00
8.821459117809886674e-01
6.507298219718479215e-01
1.166365699438706161e+00
1.736694450345587501e-07
1.817013577634020383e+00
1.524976501883911341e+07
4.704439813704539008e-01
3.410674097931164355e-07
2.097318903958984126e+00
1.370440163917081736e+04
1.891026618183427876e-01
2.428428254203285909e-06
2.353269297789345682e+00
7.838217839769162083e+02
2.413292793160895511e-02
1.597966655588250244e-07
2.473848273779694296e+00
7.761268307095105411e+04
4.699375051127222315e-06
1.462459222831817840e+00
1.805399934743784115e+03
1.574440808048669747e-07
1.505237498939580254e+00
3.824529185839616111e+05
8.068208841888644400e+00
4.674885071931935698e-01
