7.012254204263570490e-01
-6.256483326845142301e+01
2.775771441172314624e+01
2.761122659517994862e+02
8.548023167373097753e-01
1.896107308201839148e+00
1.075582369824948259e+00
1.803879106260878551e+00
1.352892527568179348e+00
9.668286702996702342e-01
5.881789427897771150e-01
9.469562365975556784e-01
1.397954787001999044e+00
8.671198329163486429e-01
1.756858251095957169e+00
1.590861756999751297e-01
1.334611845463077096e+00
1.529013749240579312e+00
1.121189880343244960e+00
8.244851310136344091e-01
7.840659975183991159e-01
1.198371360384045069e-07
1.506166191204512117e+00
5.415232630607910687e+05
8.256513193368161252e-01
1.900845554506187733e-07
1.708516965515480601e+00
3.632498092645444558e+04
1.795516585713939073e-01
5.538034232392607228e-06
2.338959843471382083e+00
1.954017857476681911e+03
1.832098345630462366e-01
1.783807008133957978e-07
2.421515782466458599e+00
8.565754703147088003e+04
3.999063054342764996e-06
2.224811334856537481e+00
5.947932494291959529e+02
1.289221572905371538e+01
1.943653096641262179e+00
