6.298703632433066968e-01
-8.469342380661349523e+01
6.827885872316249660e+00
2.720455155274565300e+02
1.275316141104359646e+00
3.095128532058712412e-01
1.160732037748632983e+00
7.194403443059034231e-01
1.922645928481124811e+00
4.834231619805779423e-01
1.067001218061035095e+00
6.660162172007005887e-01
1.111642766247898484e+00
1.389566244811603901e-01
1.988297350158942267e+00
6.567716299190574647e-01
6.066208538612766210e-01
1.038656929839809201e-01
1.585287312872104115e+00
6.720331290265527668e-01
9.688138380065542954e-01
1.321511629321103215e-07
2.142456447945033204e+00
1.139190099358095042e+07
9.931907562435807746e-01
6.512643819322744057e-07
2.462594231667886824e+00
1.032699293584583211e+05
8.072674121321782303e-02
5.296896358696832592e-06
2.196114992737109084e+00
1.614222445500206277e+03
6.840426875123810369e-02
1.155224203676438067e-07
1.926651608563207496e+00
3.685644541469510878e+05
2.671317651226980607e-06
2.411389858039854506e+00
2.363328421484322917e+03
5.038157568590916568e+00
3.774662418696603794e-01
