8.569165904973897741e-01
4.307016001809357419e+01
2.141998415210884446e+02
3.056212366514263863e+02
1.168984512648582053e+00
7.181405159298992480e-01
8.998756534767944348e-01
1.780106954066838387e+00
8.150376782487032123e-01
1.515700254282836168e+00
1.462925975900126963e+00
1.905272624466420206e+00
5.572129963450878076e-01
6.735047289615154753e-01
4.261886751738154233e-01
1.189024314495268575e+00
1.439903221974659475e+00
1.934997323960515159e+00
1.483925451129830542e+00
1.976434173261334415e+00
7.588948231661485355e-01
5.829248283789561068e-08
1.550063750677752150e+00
2.531295569372246973e+06
3.011216585591601769e-01
2.134173616422757261e-07
1.637040584187400061e+00
2.683600277205765815e+04
1.117249989331384336e-01
1.129141444769108995e-06
1.984673460307106119e+00
6.862111305174154268e+02
1.046365354982107809e-01
2.692407164780573990e-07
1.680973896302115245e+00
5.801578740748002892e+05
1.298943263151511842e-06
2.004843953354352948e+00
1.644903099063783998e+02
2.446014717904387542e-07
1.702135970547314248e+00
4.246592233270615106e+05
1.500340556250315593e+01
9.674717664886384183e-01
