4.222297620900685722e-01
-4.799949227042095856e+01
1.748074772859683890e+01
2.811823748529574232e+02
5.045564027732608592e-01
1.209997089037655876e-02
6.359325304054650463e-01
1.927539743148126261e+00
1.092540758837746040e+00
1.429565607046471065e+00
4.907624170143839448e-01
1.976770118344931104e+00
1.602257515675930666e+00
1.309063936586819077e+00
3.437239130953838318e-02
8.158660447380626790e-01
8.474968902737853305e-02
1.025686244088753613e-01
2.787079381294935154e-02
1.787341495263957913e+00
6.005730099986802406e-01
1.757159174032037765e-07
2.416217962375195594e+00
8.009118757212265395e+06
2.375219574025081160e-01
6.132912350493846557e-07
1.432898859349897469e+00
1.124876077620783508e+04
8.328903435836089442e-02
5.424292574397294294e-06
1.935886185473405963e+00
1.926195908710865979e+03
9.177479690497683529e-02
1.520249898715372923e-07
1.470829090265193928e+00
4.117495514834524947e+05
1.279436105409452742e-06
1.793739533281523579e+00
5.526827336406861377e+02
2.182901142053234015e-07
1.501894342693747886e+00
1.556856775685906177e+05
1.124124525037051825e+01
1.748914819784226360e-01
