5.979020960836354259e-01
1.652881679255315817e+00
2.886742862809429084e+02
2.943151459174936804e+02
4.150736962868025737e-01
1.450676962634736000e+00
1.001916463162486337e-01
8.030783002499135570e-01
6.709369040967733122e-01
1.400946979556292549e+00
9.108384822902351186e-01
1.133538110940048305e-01
1.550454411305117464e-01
5.369118477800776112e-01
8.274883635290185557e-01
8.970152715458613590e-01
1.289457654346112925e+00
1.363542522177226379e+00
1.442698593541703378e+00
9.940531549175876114e-01
1.815212690304927490e+00
1.174710042987846201e-07
2.197807313743642688e+00
8.675756721998829395e+06
6.760541035654564768e-01
3.483995040692405200e-07
2.347670764632901808e+00
2.493988318093497946e+04
1.329643932111365112e-01
4.073913644982358338e-06
1.567343895617964389e+00
2.448982653092777184e+02
9.115740221819525202e-02
1.284076346831620522e-07
2.076092171153424815e+00
6.112902559995961201e+04
4.120746510790717687e-06
1.878753178773775678e+00
5.180035590061846307e+01
1.606664314100753769e-07
1.791727742443836480e+00
2.254170642255932617e+05
5.955424482390160534e+00
1.123951595905744893e+00
