8.748106705281049056e-01
1.657640908499449495e+01
2.554004501943488208e+02
3.040547580304598796e+02
1.617682832464245823e+00
9.756654713887307206e-01
6.284049489734483407e-01
6.372732461888507283e-01
6.393440545510929995e-01
1.780739646364051243e-01
4.587154823377317392e-01
7.929481619188600838e-01
1.256073507265020650e+00
1.636555546264219174e+00
1.181851513552834909e+00
1.137006366391585255e+00
1.617223447142236870e+00
6.498579833540468753e-01
1.381988994858273312e+00
1.788820113462833650e+00
2.903223537451312120e-01
1.983436829394545422e-07
2.002334206026508578e+00
6.648298811979841441e+06
1.963948291232294752e-01
3.357647606442912096e-07
2.178445776460470995e+00
8.695805449451185996e+04
2.338046554086815887e-02
1.005080395753084977e-06
1.977760091411133070e+00
1.041132496233465872e+03
7.382204244977921825e-02
2.822651985289986482e-07
2.247193859945592287e+00
4.251624488822052954e+05
2.570801217865031642e-06
2.361431087465048151e+00
9.395987328861698415e+02
1.180160522740668938e+01
8.986960393599676689e-01
