1.273172176659679300e-01
4.532775120263252688e+00
2.960356418029961674e+02
3.043248554307813265e+02
5.763507487547496755e-01
1.757395496341594143e-01
2.002308457570831091e-01
3.098098012172073590e-01
7.251295847106867809e-01
1.947638611726614455e+00
1.835292286493322766e+00
1.516432952454703331e+00
1.727393545942859099e+00
1.414562978412275615e-02
1.567382079061980793e+00
1.411778965522729523e+00
1.695955029719497187e+00
1.291515848418569146e+00
1.229857399968992349e+00
1.482019248089278873e+00
1.095289004612966854e+00
1.929401002799897827e-07
1.769191279515642368e+00
4.421053450804502703e+06
6.525816085053297577e-01
5.986553941547517112e-07
1.748500642650911097e+00
1.174716099656899023e+05
1.726965922877381210e-01
1.781914102594928364e-06
1.858042722771641397e+00
1.716793392814580557e+03
9.395943499037671953e-02
2.384579040753629559e-07
2.414869065208485210e+00
3.460026745380034554e+05
5.005453379956593429e-06
2.153056479077377183e+00
2.802888975865724319e+02
1.408749649078691011e-07
2.480868270456702440e+00
9.746319592883845326e+04
2.391424380744889788e+01
5.147369268195836067e-01
