2.302265105043368454e-01
-1.375912414544590234e+01
8.365682620513744894e+01
3.018092065055292892e+02
7.363397913746931867e-01
7.002648408731201313e-01
9.337338073695828911e-01
7.872897264737478418e-01
8.434007080418336466e-01
8.359571577517892482e-01
4.304947789160663008e-01
2.611253030606550674e-01
1.756867865038459930e+00
1.956658874423792716e+00
1.040620725545646774e+00
1.676225174977524768e-01
1.418278364787344925e+00
8.013229559949814895e-01
4.106954341298765243e-01
4.385848877366274046e-01
1.205820932403667944e+00
1.017830093053385941e-07
2.122629864864524318e+00
3.103031825397117995e+06
9.767813366951423326e-01
3.530677842704499763e-07
1.539490707052731722e+00
8.865489106881797488e+04
1.312961498502854263e-01
3.342892800366200227e-06
2.260327745763671459e+00
1.573278532081457570e+03
1.234830182650632352e-01
1.168098669594986224e-07
1.981404335708116138e+00
5.521168253950737562e+04
5.896899838139589201e-06
2.224816256005313964e+00
1.610513551321580053e+03
1.449542374130614946e-07
2.214063713936558209e+00
4.339175944923243951e+05
4.563226516134294641e+00
1.429837543439490544e-01
