2.627476219635884735e-01
-4.026418788625668554e+01
4.607797726290117879e+01
2.796851176893322872e+02
1.458999766849605528e+00
6.563026993835369138e-01
5.361913352863010296e-01
2.967988344649927224e-01
1.580265458539251267e+00
1.929234708346693750e-01
1.149573270015688209e+00
1.423911818619412184e+00
3.587198509098181720e-01
1.201906180996346718e+00
1.388001103932724689e+00
1.012051528774103204e+00
1.773057957447708777e+00
1.858130063792647058e-01
1.815753974750273336e+00
1.702515822057531492e-01
1.870492624141016469e+00
1.807294911488661307e-07
2.270707751430736110e+00
9.703285532233621925e+06
4.803986841174499589e-01
5.460419122764696864e-07
1.441633666797974778e+00
9.422762225406062498e+04
1.163827114945209518e-02
3.142100284423500939e-06
2.177318470284066887e+00
1.314162042624944888e+03
1.901974028476740575e-01
1.392867177075558179e-07
1.928362796118445299e+00
5.627921164140109904e+05
3.740337371209861452e-06
1.918292331459870326e+00
1.644583199995458699e+03
1.033381364785633042e-07
2.453830386678132136e+00
4.167322585035181255e+05
2.114143112394972945e+01
5.467475859759061141e-01
