9.214198944809858238e-01
-3.526135391005279729e+01
2.641577103139246674e+02
2.798470955098067066e+02
1.250758257752119240e+00
6.687615700914325556e-01
1.775281603359897487e+00
1.204229049191325895e+00
1.019912132091235657e+00
3.997847663879732782e-01
7.884762920361558791e-01
1.149804778055854015e+00
9.457209772173333917e-01
7.779207813887702161e-02
1.084117931570419469e+00
1.641698392899291870e+00
1.079858941403086803e+00
6.991014857100542601e-01
1.189439493296966077e+00
1.684519731249599861e+00
6.799471759744699639e-01
1.297108492801208605e-07
2.327771182860146837e+00
5.717007629286428913e+06
5.062500757224717152e-01
6.087785225618850375e-07
1.822653510169008451e+00
9.793387551967130275e+04
3.886688250631636921e-02
1.860897865497642052e-06
1.809827328420865467e+00
4.444322819595773666e+01
1.277827443908466920e-01
1.228105891174980199e-07
2.022320821947579006e+00
2.896850531147914589e+05
5.989766408738847285e-06
1.656762481925095454e+00
1.861257715651250919e+03
7.031189112252787149e-08
1.423829112863221003e+00
1.243023024983991781e+05
1.697971532561773245e+01
5.781333405176042328e-01
