7.497491203310542307e-01
4.805407405491395423e+01
1.152498575078859915e+02
2.741418570869575433e+02
4.936875754439674080e-01
8.955926481415219520e-01
1.597683196362224223e+00
8.569388487961611123e-01
1.432937301364583194e+00
2.781521043729203169e-01
6.609426714166911632e-01
1.953519070562227677e-01
1.976304845378340058e+00
1.380002950856342947e+00
8.707424511670619482e-01
7.158590845856511731e-01
1.245941100855421535e+00
1.796692033056541238e+00
1.349352331938960869e+00
1.166113830481061875e+00
4.717205326916807939e-01
1.474605153922359839e-07
2.331225800614725507e+00
2.506341360987330321e+06
6.736234818968936944e-01
3.321844737175890286e-07
2.261087615966587805e+00
5.094769118798190902e+04
1.986620864345338688e-01
4.834249712681797295e-06
1.607927166851988554e+00
4.338440681918727364e+02
1.296291746621845709e-01
2.246699298777273500e-07
2.265010870373806995e+00
5.073319489766593324e+05
2.978915118379617689e-06
1.541964204726889331e+00
9.876214234624818573e+02
2.387774535520899377e+01
1.310516203230668086e+00
