1.002477452834090316e-01
-1.042522811513518377e+01
3.023364707386276109e+02
2.993705204953441807e+02
9.710857487612870598e-01
8.403235259539421076e-01
1.836548246416121355e+00
1.488861871037050033e+00
1.811093019775706914e+00
5.174946401073963198e-01
1.470338853111914590e+00
1.510968133142537972e+00
9.303413017760968629e-01
1.722585603382578823e+00
8.090473315629915785e-01
4.655652635472491974e-01
8.578176535732493502e-01
6.534624275767340063e-01
1.127226684133119994e+00
7.580467860737720720e-01
1.711265709700089177e+00
1.755168593431457663e-07
1.924721049401475703e+00
1.310517559529683366e+07
5.002411526902810213e-01
2.646499857582381419e-07
1.482199692838149563e+00
1.023839653207591618e+05
1.249687251487874157e-01
3.331006869291058512e-06
1.666707204768564266e+00
2.161930563124818036e+03
1.828935122025973081e-01
1.919140031013030938e-07
2.003146921037866512e+00
2.201198318241949892e+05
1.279918692949471056e-06
1.904358741092817997e+00
1.632381336577840557e+03
1.632170043774748989e-07
1.541990679164130462e+00
3.302998654767787084e+05
8.294458097429128429e+00
8.821583897705396193e-01
