5.654281009867631047e-01
4.857540300177686277e+01
2.132749669238176082e+01
2.417361723916136214e+02
3.890223660160804231e-01
9.749856109296262119e-02
3.121795829349434115e-01
1.947224767498574760e+00
8.777546179720705499e-01
1.191940383550545102e+00
1.669608290570953280e+00
1.331678548913387328e+00
1.593831505338240584e+00
1.225707735812045174e+00
4.238187124653469695e-01
5.725384780173395916e-01
7.973209979654032331e-01
1.566704106512671446e+00
9.816849187724442372e-01
1.765571835292502945e+00
1.330856298105582258e+00
1.755687267017174446e-07
2.373178880895627785e+00
1.528615453197900951e+07
3.931479152899275409e-01
2.836673963602508702e-07
1.739032330684411098e+00
9.153008233792625833e+04
5.590859232425569175e-02
4.705492097180058572e-06
2.311778424107524543e+00
1.729639020890013512e+02
7.742435779011672126e-02
2.267038195644819680e-07
1.575195346302015631e+00
6.064262806264568644e+04
5.581551335789439181e-06
1.413764678996741964e+00
5.362763202889124159e+02
1.130841423399562728e+01
1.968263163971802232e+00
