7.040455510425733809e-01
6.593782709235213702e+01
1.522535311727991711e+02
2.623841059234702016e+02
5.979904176129048343e-01
7.953713220231005410e-02
9.787572892891978071e-01
1.120877603455025628e+00
6.969663367304999024e-01
1.673153493537241410e+00
3.068205543296769755e-01
6.654693043255205387e-01
1.216871681205455857e+00
1.965218719707222117e-01
8.435357866841173280e-01
1.869050725987884354e+00
1.586628500066304293e+00
1.917283720098924005e-01
5.074790775199277543e-02
6.490283761046863331e-01
6.516534335570802750e-01
1.396800690901248643e-07
1.459181238193455021e+00
6.701374964251682162e+06
1.151154066168784268e-01
3.598074150657576926e-07
1.849810221265689059e+00
1.165088186467452324e+05
6.357782550810653355e-02
4.023322335667325065e-06
2.021137190471054446e+00
3.485810210323065235e+02
6.969646418578549774e-02
2.815135260899198694e-07
2.236422363339007013e+00
5.602064701700364240e+05
5.539148533947445968e-06
1.654430862696822047e+00
3.561873872252648425e+02
9.652143313299575680e-08
2.288360194417174309e+00
1.285230876176128950e+05
1.780630389860600715e+01
1.220810626961095074e-01
