9.886985085396018391e-01
-6.742843934828846386e+01
1.010848969166247855e+02
2.630604253668482215e+02
1.625492034256501794e+00
1.192099329647485995e+00
1.324902365751073230e+00
1.171484006048378435e+00
5.207420529443545359e-03
1.404085938104318476e+00
5.522538549605846003e-02
9.326090434342161339e-01
1.127252959744519778e+00
1.383170681852062156e+00
1.968590322584745200e+00
5.868279708490453661e-01
1.077106800908034012e+00
1.918553958748224542e+00
1.203776155410454463e+00
2.837900715016502540e-01
1.288357465235796750e+00
1.277816033214279747e-07
2.316020105765629111e+00
1.327983352090532146e+07
3.428059081289354382e-03
3.642045676549838855e-07
2.220011506616657471e+00
2.971163281076565545e+04
1.295104796728415997e-01
1.688266166087049237e-06
1.564312932323462135e+00
2.282712695812633228e+03
1.519537661517896265e-01
1.987083125077766925e-07
2.086818166091742199e+00
7.081126561282617331e+04
5.221952597797973681e-06
1.762207633887209468e+00
1.105300575317070980e+03
1.560126136360532634e+01
7.505546557773097316e-01
