9.794664817604545881e-01
4.196510426620363887e+01
3.578770318141856706e+02
2.793656123854964335e+02
1.050294225575213458e+00
1.879843178170361950e+00
7.343784416746782506e-01
1.617868087346242989e+00
7.343002191104904819e-01
1.674947063498770206e+00
3.307246807163419788e-01
1.041316120832310066e+00
1.333086650892324920e+00
1.748871519366187677e+00
1.800023025294273382e-01
1.808379552344190344e-01
1.402523502267677191e+00
1.145311865631079451e+00
1.855833632263794941e+00
1.498587812325947510e+00
1.808098062016009477e-01
1.809485846829096871e-07
1.709422284269503045e+00
5.208569068957581185e+06
3.408702059829100128e-01
4.510361122335813250e-07
2.477485954008120217e+00
1.023624989670001232e+05
4.012109965934365641e-02
5.137851244484690178e-06
1.581955913595053831e+00
9.633412393037577885e+02
1.556158097087637637e-01
2.168218173003455271e-07
1.972569251570471360e+00
4.957382071067591896e+05
2.289547170700026636e-06
2.363782730635815899e+00
4.557504009526668369e+02
1.155497201670399951e-07
2.333953701466800812e+00
3.923224311265303986e+05
2.352064188751825924e+01
1.249152548490066961e+00
