4.901468571520825601e-01
-4.479441016747470172e+01
1.063469076063744012e+02
2.884267317661907555e+02
9.090959746940996400e-01
5.178356024537569269e-01
1.550460646020260347e+00
1.036085838711125362e+00
9.894858117152965926e-01
6.901323848910767556e-02
5.603985235976751723e-03
1.555190219540206975e+00
1.414013578693718687e+00
1.417280602451237215e+00
4.069082706710270281e-01
2.206506321006553584e-01
4.166138612520358109e-01
1.146602773382379148e+00
1.960873993212435495e+00
1.073662006277613434e+00
1.181611963399582965e+00
1.979170101061394168e-07
1.595015130135405190e+00
3.103857942292510998e+06
8.736977523003583990e-01
6.561087127842454685e-07
2.249978187994985390e+00
1.685851887801235425e+05
1.030120393797696043e-01
3.543856507511376613e-06
2.253168154047288319e+00
1.355721409716669996e+03
1.114450157025142635e-01
2.484837835348234028e-07
1.614532756284796200e+00
2.579686922270790092e+05
2.783120110340273442e-06
1.491040036908148236e+00
2.247171639310380442e+02
6.433928082884055932e+00
1.030300895051589949e+00
