1.968085912103146318e-01
4.495195867215089436e+01
9.820887110635250394e+01
2.843104000509572984e+02
1.557731813359037432e+00
2.592119363183856967e-02
8.074573473152527603e-01
2.461733800527103055e-01
5.685778036254350853e-01
1.220540005657872573e+00
1.763688905681965124e+00
9.148044619016704182e-01
1.292937572766705401e+00
6.438348544891753233e-01
9.407880856182331275e-01
8.194006828259993158e-01
1.487199577289094465e+00
8.766220784989741110e-01
1.119759626685200127e+00
6.775615719715579743e-01
1.414383414195140798e+00
1.546428073444957957e-07
2.202233342116998394e+00
1.474935802487171441e+07
7.923450015903756860e-01
5.733722095356188203e-07
1.756755760650288600e+00
1.084372187939713040e+05
1.742589248101730900e-03
5.683449661089050396e-06
1.524826385280010355e+00
7.241172024975478507e+02
1.702954663437866722e-01
2.829424572347735879e-07
2.375129878852957344e+00
4.807588380014602444e+05
2.273660155685515118e-06
1.689077173521748243e+00
7.440264929493270074e+02
2.252173658134966347e-07
2.072305199073088744e+00
3.909314151174280560e+05
1.932528374651467828e+01
1.193001958670641738e+00
