4.757075296726303026e-01
-5.476493014913869217e+01
2.504216524943873878e+02
2.637399015026422830e+02
7.551331578673072809e-01
8.691774470153824650e-01
9.307915063915904730e-01
1.317812523137702474e+00
1.334207300424240739e+00
1.190497776519395812e+00
2.489696039755390777e-01
1.921273518228350463e+00
1.194238599458108396e+00
1.867838868373355776e+00
1.648040679392050567e+00
1.738431642358779783e+00
9.055297015247060211e-01
1.353957257132568648e-01
5.916161420854531006e-01
1.775968381717107469e+00
1.294301965431360779e+00
1.340817647399536229e-07
1.492369149262578354e+00
1.093907882604416832e+07
3.900437591982606200e-01
6.643075651394830914e-07
2.168140191779849957e+00
5.584264795410080114e+04
1.283629577431657509e-01
5.365522693423957533e-06
1.947446840878046981e+00
5.490463554828340875e+02
1.136550344540393498e-01
2.638569086025126824e-07
1.568570077322912759e+00
4.312605396353185060e+05
1.494983528059845468e-06
1.654761241257717952e+00
1.158745325278788869e+03
1.919272695557248618e-07
1.417732842275200467e+00
3.557338899513566867e+04
2.255341524630963335e+01
1.221730003548687549e+00
