6.859522836408254998e-01
4.836792041387838026e+00
2.833586653852511290e+02
3.032890088423692987e+02
3.891232357185188118e-01
8.332172388007632602e-01
3.658006572749610830e-01
9.796003719495267603e-01
1.383523228171012143e+00
3.647166806956376739e-01
1.312905141131055720e+00
1.899124776271730042e+00
5.763882163904270328e-01
1.422312732135257773e+00
1.132220072771021879e+00
1.463166274939546652e+00
9.873415487184654671e-01
2.055825768684797494e-01
6.663486652851925429e-01
4.012922179580173387e-01
1.790865038755506067e+00
1.195059753290934495e-07
1.431693125616647411e+00
3.156085123103860766e+06
3.863176192544690024e-01
5.531084467610920136e-07
2.442531388288728955e+00
6.091739918085047975e+04
7.240829170330115305e-02
2.376343011533688646e-06
2.025340888550099638e+00
1.466249567781225778e+03
1.444131510048652645e-01
2.305612483036536837e-07
2.142939901181443396e+00
3.232193477955646813e+04
2.693118723841193016e-06
2.255380711581864706e+00
2.053377838831276222e+03
7.996883475009848317e-08
2.493920730768235394e+00
1.915116476722708903e+05
2.072854924047994274e+01
1.989642890088226146e+00
