8.382148262761753843e-01
-2.055836737181596163e+01
1.187418076456072669e+02
3.059725293304269371e+02
8.129742312564337547e-01
1.498539127921660885e+00
1.180372954072125724e+00
1.661777631463922766e+00
2.836553544618410361e-01
1.214207940266194274e+00
1.242810510095318621e+00
3.772646986849522710e-01
3.218290572349996048e-01
6.453274527218351153e-01
1.809770281798826597e+00
1.871931093995707673e+00
1.693146803959142632e+00
1.500869235575111593e-01
2.897718154593518225e-01
8.663425609125511295e-01
7.029673960110588427e-02
2.003473799691453320e-07
1.730000547031625313e+00
8.113229933939843439e+06
9.496977127338874780e-01
2.277334559540831164e-07
2.061639988951202263e+00
1.266303503602669371e+05
7.956824490317254694e-02
3.304492997917522378e-06
2.006131675614964305e+00
1.429004205640688042e+03
1.924195060983771022e-01
1.830109700780907935e-07
2.264998344916276274e+00
4.894847076120529673e+05
3.251873540806731429e-06
1.963602583251842226e+00
1.374025364190343623e+02
3.575906058922490603e-08
1.894661599516847872e+00
4.035343811523470795e+05
1.932247216808784884e+01
1.893052456457400279e-01
