6.117752309295274582e-01
2.865772216545347817e+01
1.332130342200946984e+02
2.737385662568794942e+02
6.243118116517255567e-01
1.754659246320155797e+00
1.279626528342965308e+00
1.137183811030596292e+00
5.795534716011967458e-01
4.318148927613272847e-01
3.484871461802869219e-01
1.840101217096498099e+00
1.079413819563434407e+00
7.341575093248776940e-02
1.321405876051066075e+00
8.655152022283616464e-01
1.871982702771695317e+00
1.604236965199288489e+00
4.798741450542445275e-01
4.483449538125973688e-01
1.050309731756419618e+00
5.816257244264243653e-08
2.304727879700460225e+00
2.639613317188590765e+06
1.548009036778474068e-01
2.318952350413923876e-07
1.496226461749744052e+00
5.471183267049126880e+04
6.333014925015038876e-02
5.556522877549574407e-06
1.692780100131007215e+00
1.916483713188422826e+03
6.572121290670950022e-02
1.319125545797993148e-07
1.474714934915857700e+00
4.945188517305186833e+05
1.741367384020266343e-06
1.645591014562646448e+00
9.828562375895769492e+02
2.112355281985634292e+01
1.736221172270731028e+00
