9.268420544132027761e-01
1.932922268922436615e+01
8.736806980751286744e+01
3.058659473495965813e+02
1.901579538602095942e+00
7.740665909899862029e-01
4.042024604081784211e-02
1.576102908963367355e+00
7.145356796859905213e-01
1.602575111427889443e+00
1.112635141117912063e+00
4.293937499326342944e-01
1.877794669006644046e+00
1.286362252712165422e+00
1.848281888138971985e+00
9.180697112514271674e-02
9.667686279569040475e-02
1.348569019029003391e+00
9.451771390771739334e-01
4.666630721421672900e-01
6.367063847883830396e-01
9.467719183194241939e-08
2.344785107922604084e+00
6.950830474265028024e+05
2.549284063279587675e-01
5.572546474398564400e-07
1.562131819841541036e+00
1.667889765974634211e+05
1.191263366423390979e-01
5.523471566167832078e-06
2.138586798554796609e+00
1.751892029772561500e+03
9.423048570650367772e-02
2.952583998228192671e-07
2.246013289685023118e+00
1.116582402205588151e+05
2.760156972891263779e-06
1.562194127009113087e+00
2.067891356747807549e+03
1.064685126754939278e-07
1.852814123426669290e+00
2.523511487019883061e+05
1.721010207917082013e+01
1.272050069044544478e-02
