2.422844854348937815e-01
1.528732021811477182e+01
2.108492462637807563e+01
3.002476513589300566e+02
9.026326436418832255e-01
1.795961624188199046e+00
7.973382861062735527e-01
4.565696815566158695e-01
8.493675237256893551e-01
6.444513948438540529e-01
7.307164474546349320e-01
1.060663366375655281e+00
1.050448619765692149e+00
8.347048413416601198e-01
1.109687990980802619e+00
6.847505108088446091e-02
1.442280321900803353e+00
7.757992483814645235e-01
1.255966364503022348e+00
3.183794407428280904e-02
1.381954293957002644e+00
1.885520343169165012e-07
2.168312887500104758e+00
4.466153409238857217e+06
9.949789839740889041e-01
4.600219741696133977e-07
1.823796845215371665e+00
1.540020502474652894e+05
1.484529728613987742e-01
3.744445197274059671e-06
1.516427628798397764e+00
9.004736231624542597e+02
5.891202459166203914e-02
1.981726325573790185e-07
1.681989387923272794e+00
6.068195651477383944e+04
5.616709946785504708e-06
2.106987646414794746e+00
3.260094950025704748e+02
2.171500215247382570e+01
4.063714489000485042e-01
