7.321222431245990592e-01
-2.293826326146403005e+01
2.595107534648985848e+02
2.748781985163949457e+02
9.865621295562064796e-01
6.582166781000908795e-01
6.042119412964679082e-02
7.552259686045076359e-01
1.709774232313323372e+00
1.091530424130093602e+00
1.114079788973016127e-01
1.568481472089181095e+00
1.500799680648209566e+00
8.558544819233906420e-01
7.309934041520405046e-02
6.256788058471096647e-02
1.666269709556546186e+00
1.931346786958302086e+00
5.783417781849676809e-01
1.399997552340431550e+00
1.833659416768493200e+00
2.251123278012901565e-07
1.878304069177199498e+00
9.693126208553159609e+06
3.070161854199885965e-01
6.763353633333519811e-07
2.432445422642291355e+00
1.669116208788667282e+05
1.594241320548835938e-01
4.083670754059260087e-06
2.058785462859662019e+00
4.572124967016583810e+02
3.225301788368235834e-02
9.684310216809185050e-08
2.073018285783832404e+00
4.526344794782612007e+05
2.389638238085417307e-06
2.259790682206173518e+00
7.257116035611100813e+01
1.743287554337287304e+01
8.508176015976208761e-01
