8.022587101309076596e-01
-5.333067810476804738e+01
6.810870660855721326e+01
2.791128080125540123e+02
1.515143910342430900e+00
1.326288402067802963e+00
1.557079316752688070e-01
1.055905961223019052e+00
2.493346753349884870e-01
1.937701560504737186e+00
1.238185359352948822e+00
4.570055451227478249e-01
4.544623349981144478e-01
1.242793040823763295e+00
5.426711879842358588e-01
1.078704368844574102e+00
1.422151149240826751e+00
1.518587709404215946e+00
8.454336676342257828e-01
6.840425427608490816e-01
2.573324276047924131e-01
2.145936447100191490e-07
2.300454384208504344e+00
1.120018398703390546e+07
4.285791564801145759e-01
6.211722277461862913e-07
2.227793467262429772e+00
1.075700116002421128e+05
1.077386464477229772e-01
4.955480349228069553e-06
1.850350415929858938e+00
1.990972957891568512e+03
5.345871265502282615e-02
2.751912004439087686e-07
2.322792597684547822e+00
2.106841055184554716e+05
5.397553754091758610e-06
1.704704928288120147e+00
1.280112073648711885e+03
1.273134283015157386e+01
5.983374417327758099e-01
