7.907657512066933458e-01
2.016583257879095470e+01
3.296754920412484466e+02
2.943652210458492391e+02
1.900838105703305692e+00
1.396867989353251405e+00
1.919292988347073292e+00
1.109395338996275848e+00
1.421589341552225383e+00
9.538865076599543080e-01
8.199905183051688917e-01
1.517666365701405118e+00
1.759304026796139342e-01
9.922576914050953434e-01
7.153700631562590617e-01
1.222995088770340910e+00
1.445134886226411508e+00
1.970144858297364410e+00
7.525255846778133861e-01
1.294381276959900295e-01
9.709372480741879086e-01
1.280986482686647240e-07
2.150263213193378764e+00
1.114195646038603596e+07
7.378549404559753278e-01
3.009455387326783827e-07
1.852219770261992249e+00
2.646589475918887547e+04
1.308308197140805873e-01
1.422835571405594238e-06
2.402449633010316887e+00
1.254724507125953778e+03
8.801405117336597028e-03
1.957609708828133912e-07
2.301599865791377209e+00
4.799542338039766182e+05
5.527757140834511890e-06
1.486160598522207499e+00
5.023177823616589421e+02
7.325812204942858029e-08
2.057435096772562311e+00
2.570924867194029794e+05
3.102315005039292473e+00
1.470273364561338614e+00
