6.436038720038751437e-01
4.715520430475062597e+01
6.943656111636178707e+01
2.846794085928783602e+02
1.226499908914528314e+00
1.362226073543109317e+00
5.480519374304824165e-01
1.146043237256106462e+00
1.274074799767745292e+00
7.249183492184282374e-01
1.829117137048839936e+00
3.730842984350126734e-01
3.769049431014309115e-01
1.874020626808936774e+00
2.697368289873735003e-01
8.300175988977580577e-01
1.551089270892994365e-01
1.867221303871046567e+00
1.515588526201177011e+00
1.118887603058511093e+00
8.705917379623487329e-02
2.033004445101555264e-07
1.539804185311733464e+00
1.360583166094469279e+07
4.009549327424574705e-01
6.582880417791241335e-07
2.057079901644629949e+00
1.680129342456366066e+04
9.826899786053569508e-02
2.922440443678158746e-06
1.511154114081692867e+00
5.595487163722525565e+02
1.334427883366565981e-01
2.521896494340804379e-07
1.658202720832327115e+00
5.453753137335579377e+05
4.545780271268699036e-06
1.722066614343024771e+00
3.204152122590252247e+02
1.604622127918380562e-07
1.950266153302663064e+00
3.482184792258098605e+05
1.922008430884579067e+00
3.131629566533796760e-01
