4.254509292710519919e-01
-2.848511569506285213e+01
1.239529332144632434e+02
2.803969441415732717e+02
3.658877846476614182e-01
4.722061475475607395e-01
1.753861432067104875e+00
1.740862928080473937e+00
7.695447194260936208e-02
7.843337720279012215e-01
1.751669989778807501e+00
1.629373918896021012e+00
3.167129732943401166e-01
1.190249901126509524e+00
3.537268539300970627e-01
1.836392354810077121e+00
6.809343968379244494e-01
1.425827854923897187e+00
1.741994330770078481e+00
1.733748427150347382e+00
1.112424454290408704e+00
1.041383887662535397e-07
1.951560093555699815e+00
1.056052777823876403e+07
6.945637100404691289e-01
4.256212454019797994e-07
1.610779222180948933e+00
9.832524315272436070e+04
1.018717926482068520e-01
3.261250047123551794e-06
1.654009353549065864e+00
5.241677193454976305e+02
1.071223345512243991e-01
1.417097124170397724e-07
1.724188104044042325e+00
4.995501630049057421e+05
3.134318579026597210e-06
1.783207970271618592e+00
1.982011901336256415e+03
2.205633833261448018e+01
2.703314134590510398e-01
