5.621474229234170172e-01
2.929360518921797052e+00
3.436498677565020898e+01
3.032386138146339931e+02
7.279009182477061968e-01
9.325157353106801328e-02
4.722386529863403237e-01
7.215946473454457610e-01
3.311334879111836882e-01
1.033178161695120778e+00
1.598056850060393552e+00
1.348628147963689461e+00
4.072429613575317964e-01
1.359514616820615363e+00
1.890012451574155650e+00
1.392977430889796642e+00
1.938228332684283739e+00
1.002912612636180256e+00
1.580231593724227945e+00
5.221865280543501742e-01
9.163253418683883211e-01
1.425130929116024176e-07
1.820561472353411592e+00
1.031941883356510475e+07
3.741895125512124110e-01
4.262952392315396723e-07
1.880909869642135579e+00
1.116326647592719964e+05
2.368445711759945005e-02
3.273085925072064428e-06
2.148554186409899813e+00
3.469644492471525155e+02
2.110275445723475835e-02
2.246119519424833769e-07
2.073572561491650923e+00
1.430913077183591085e+05
3.682672105139236381e-06
1.865621460572703283e+00
9.532522196052055108e+01
6.467321718177793496e-08
2.464868976024256142e+00
4.666872267477091518e+05
3.279682084314292645e+00
1.522107193569872896e+00
