8.466298878143713180e-01
-2.188236026985653382e+01
2.007338592508549482e+02
2.874827422445488310e+02
1.876870461381795030e+00
7.269437840798729233e-01
7.524960924863911549e-01
3.233274456319216728e-01
9.619133401840237463e-01
1.890060827848542013e+00
5.292031499376088632e-01
1.945780874730477894e+00
8.666274084090516139e-01
1.148235041038494275e+00
1.444589139861246263e+00
9.254469400478366747e-01
5.071048125020423125e-01
7.158333561272277601e-01
1.380404467726969120e+00
3.816914010075566077e-01
1.869929204627342800e+00
1.256916471296711636e-07
1.713604813534218785e+00
1.411798272116841003e+07
4.837995314839266814e-01
4.761571054165786687e-07
1.835370692586794750e+00
4.918844071371395694e+04
1.892265804248313352e-02
1.376068345024140536e-06
2.374176306790396929e+00
3.137043821318926575e+02
1.382615439535179319e-02
3.106045529638552388e-07
2.494701047584861442e+00
3.944399516981352936e+05
4.275771438797947964e-06
1.870362236700086278e+00
1.637890851052404287e+03
2.491856944305344266e-07
1.870450299855445753e+00
4.431007125390061992e+05
5.799517111736966157e+00
1.604487194812425299e+00
