4.342465570328322144e-01
-5.928432770019593079e+01
4.446241006204303403e+01
2.817115986104616923e+02
1.586945128293143492e+00
5.828519650030195010e-01
9.353645169684075833e-02
1.980016509002857639e+00
6.687223888660155380e-01
1.841854814680526642e-01
6.297047628909856476e-01
1.886720289437334941e+00
1.936565160534168939e+00
1.325776595269168467e+00
4.951912180099074523e-01
1.324068386014522147e+00
1.135694361657752838e+00
1.098131596952295563e+00
1.075042974377523830e+00
8.428330576545162156e-01
5.027793015087110851e-01
6.789533058408207013e-08
1.511769470081840705e+00
1.424343164227191173e+07
1.996180642434833563e-01
6.492529069097235764e-07
1.635687534339133942e+00
1.555617495615279477e+05
2.400659481240804451e-03
1.172230171878796729e-06
1.974056977472208541e+00
6.173569628568019425e+02
1.208363774303260335e-01
2.759291420851562664e-07
2.276972165634337575e+00
5.018598229533516569e+05
2.349317733522230916e-06
2.071370422143050671e+00
1.781642409200667544e+03
8.234416878217973728e-08
2.461651722539390796e+00
5.445583408679193963e+04
1.461640753167559836e+01
7.198455966598276135e-01
