5.479035839111209283e-01
3.358339172083819335e+01
1.996254023238060142e+02
3.063141751720395973e+02
4.665172030139584924e-01
1.158515520336647286e+00
1.939328542444518577e+00
1.002946429422871377e+00
1.099219396219236256e+00
8.366917134866783679e-01
7.759956880015880243e-01
3.527109736416124686e-01
1.732632135695433062e+00
2.443740496905566773e-01
1.284021862413628368e+00
4.183805307891669961e-02
5.786557240798435586e-01
1.265920573175089547e+00
7.795104475122511811e-01
1.619250362213334737e+00
4.832000042360681813e-01
1.817763457588131755e-07
2.412544689536275211e+00
2.461375529370605480e+06
6.897224804638806273e-01
7.114695352528764039e-07
2.385188068131891104e+00
6.510711846454306215e+04
6.880444808700374171e-02
3.409039981464793206e-06
2.375847750246151247e+00
1.074389618277339650e+03
3.184387998371523282e-02
3.014214553799756903e-07
1.746700166450776415e+00
2.945802448371424107e+05
1.306960930362767360e-06
2.397242852628646670e+00
1.685008929062130619e+03
8.376096067660592226e+00
1.911123293482666963e+00
