2.888996273074844190e-01
-1.181770233313967111e+01
1.048099776162466412e+02
2.879449568777887976e+02
5.735844477863863977e-01
1.369747508411488512e+00
1.607368115968651479e+00
1.810626064412172997e+00
2.590868934269596746e-01
8.821761468523583449e-01
1.240992612253458249e+00
1.149546763482591549e+00
7.715705544978882502e-01
4.647597229016121601e-01
9.474303278619369828e-02
9.502803489755714539e-01
4.486775026301308977e-01
1.977805163201040051e+00
6.583727782742632151e-01
9.827150004883097312e-01
1.249471247440545163e+00
1.949983856302648584e-07
2.374056461729708634e+00
2.357472433248473331e+06
5.642621196998055533e-01
7.162018375081673723e-07
2.051918787277607237e+00
7.033124230718058243e+04
1.801356359583185796e-01
5.012746104549415897e-06
1.729614995332616090e+00
2.042977552515560319e+03
1.994922537849349795e-02
1.949837745615263260e-07
2.108434145850623054e+00
5.399465444164110813e+05
2.561289598105891511e-06
1.670659782548153505e+00
2.372436723505121847e+02
1.271760763297763219e+01
1.886147995000945876e+00
