8.838622146375474387e-01
-1.723743304316330693e+01
1.421102391374683975e+02
2.970101139109722794e+02
9.112120795223372927e-01
1.347281396342225213e+00
1.398357048353074061e+00
3.601186550176727619e-01
4.234458633447001352e-01
1.680052557402333058e+00
3.069998465791028419e-01
1.354804509133690660e+00
5.322308927128955869e-01
1.192959067303454690e+00
8.168876951057740810e-01
8.629310650111987613e-01
1.238415842984446735e+00
1.022738571052878909e+00
1.792456681801392060e+00
4.737399889343735238e-01
6.548590779028423681e-01
1.545300248877359268e-07
2.122096130395122682e+00
1.065591645070846379e+07
6.156204913282071756e-01
5.049124244797608291e-07
2.309383000166691069e+00
1.680108616911786376e+05
1.879894520615262299e-01
5.967695144157398007e-06
1.590627653378966277e+00
2.901155431973493819e+02
2.717580695724679252e-02
9.338516175638648603e-08
2.000226303336239297e+00
4.342736141883413657e+05
1.917128236030268903e-06
1.617713068976062596e+00
2.913712437178152186e+02
4.063812934427954682e-08
1.729561420680489237e+00
5.223271001339974464e+05
4.855674567337845637e+00
1.845650216112598052e+00
