4.370563055880148373e-01
-8.968202175270440080e+01
1.561235619866706088e+02
2.122468282289486581e+02
1.992248607481671430e+00
1.879860733047330257e+00
1.829587291794249726e+00
6.063219578269881671e-01
8.901880971522009578e-02
8.932959204075321402e-01
1.556259306567323586e+00
2.512785356441581477e-02
1.311839630523023770e+00
1.377157347900870965e+00
1.503308467296758266e+00
9.564915636780110253e-01
7.202329442618224942e-01
1.065353049848941858e+00
1.422685331386915220e+00
7.437168659122780912e-02
1.567399151749809594e+00
9.621660898130515403e-08
1.429138676627706772e+00
2.050489924561877502e+06
4.407876308638576934e-01
6.101549529923028675e-07
2.363666681944207149e+00
1.613665046859732538e+05
3.831892164509531629e-02
3.969607546597425176e-06
1.510324436995443387e+00
8.904053290813318426e+02
1.618689161987546532e-01
3.104944734264994551e-07
2.031853502675324386e+00
1.894721566804671602e+05
1.933162142009346660e-06
2.110395320573523303e+00
3.942124270632592697e+02
2.409849024293860964e+01
1.802725818124216506e+00
