4.461127851168175673e-01
-7.980797953723019589e+01
6.607790463178328366e+01
2.391579164003939013e+02
1.677513226746452979e+00
8.271058807521506351e-01
2.138145264252345745e-01
1.604285878316043634e+00
1.841861345275292106e+00
2.462293435580920620e-01
9.038858133117858573e-01
1.538543276465082821e+00
8.151975778514410909e-01
1.932884477516860544e+00
8.185999155453279608e-01
3.365708096136782457e-01
1.308710853387874851e+00
1.410981585318882958e+00
1.854660253798749103e+00
4.325267277740486582e-01
1.430047447480536693e+00
1.094609610707863919e-07
2.448164771607526546e+00
1.411353431565237790e+07
6.936031733856816428e-02
2.650861936908688254e-07
1.946287054129966609e+00
5.026070032851205178e+04
2.798303582014507584e-03
3.117060778420567956e-06
1.763957015206352175e+00
2.125008178195258552e+03
1.123291003340954886e-01
2.088248655573820425e-07
1.490200233608760527e+00
2.147250559245955956e+05
5.095037585182351578e-06
1.879781302629930817e+00
8.392354285339332591e+02
1.314748603294859919e+01
5.057731511631230470e-01
