7.317391625177543935e-01
5.606809449714864968e+01
7.147819588096689358e+01
2.383681673685371152e+02
1.650179945203766652e+00
9.722774276497163706e-03
3.068341416681394374e-01
1.324453839639009312e+00
1.945261716540954700e-01
1.089000455918303079e-01
8.186171323890271134e-01
1.922073144244790921e+00
1.944105890201211828e+00
1.860069276475716515e-01
1.431257223451601224e+00
1.184868379362988389e+00
1.327908337828360485e+00
4.382897629842481546e-01
1.236624212223517372e+00
1.771848327086118724e+00
1.724654319706876660e+00
2.288492929337357299e-07
1.542608788421095500e+00
4.152156139239426702e+06
7.313384937578965017e-02
3.080701291051790158e-07
1.961374829636547856e+00
1.285358900478036521e+05
3.586921069384043509e-02
1.164578374218495902e-06
1.843534613849906467e+00
3.050748369637781821e+02
8.771572917820957827e-02
1.484917237477013719e-07
1.523254580755023957e+00
3.992184099725828273e+05
4.670405988293177917e-06
1.818078473987923882e+00
1.261415461279013698e+03
2.067582819167152053e+01
6.719531967877869771e-01
