5.877566152961521961e-01
7.659371941608137035e+01
1.417859226521366907e+02
2.619955032604905796e+02
1.322970532149354783e+00
1.902835899644686135e+00
1.452357049919246634e+00
1.685519248124172975e+00
7.684614373171234636e-01
6.243659463423131273e-01
1.278757702980597877e+00
1.499681359189096730e+00
1.600394244599789184e+00
4.847397940823527374e-01
9.525170974740805319e-01
2.809030154403813206e-01
1.883690692626442953e+00
7.635818100885186643e-01
1.929218720511974572e-01
1.201989596281363371e+00
1.445638227043818391e+00
2.035419741978224227e-07
2.081568791522740547e+00
1.227675941028715298e+07
2.881679007648423330e-01
3.817135265799251047e-07
2.113504380747559086e+00
1.630561723239362473e+05
3.069315026364541343e-02
1.711982378985645765e-06
2.079505640127543575e+00
8.502451068494457331e+02
1.780365100999885541e-01
3.130358722274474148e-07
2.154039023595246682e+00
2.347538173730930721e+05
2.505143686766323653e-06
2.273227255281658366e+00
4.198776979593498027e+02
4.197683373060306700e+00
1.450498131061105811e+00
