9.214316551639583075e-01
-3.672714467650581582e+01
2.981971161811777620e+02
2.892716814312365159e+02
1.805435926694866966e+00
5.550558527755761196e-01
1.310050795761918074e+00
4.182404824304525870e-01
1.417445069428292070e+00
1.756419051346012283e+00
1.159147087540287197e-01
1.546453132822124710e+00
1.426084232714116107e+00
1.096315293335950125e+00
1.273934752014177274e+00
1.287033784023274841e-01
1.059086942417353461e+00
8.648478591414670014e-01
4.256008537459972096e-01
2.155323937824344949e-01
3.302217799481821925e-01
1.208203385299523850e-07
1.993171569192253578e+00
8.577097634310912341e+06
2.782561090635595757e-01
7.015477469591754060e-07
2.069732527429576585e+00
3.817827036279113963e+04
3.493179707889912389e-02
2.694284192699408679e-06
1.471390445418740089e+00
1.808888340141237450e+03
3.801207204024156794e-02
2.820238924148656368e-07
1.649565931830790033e+00
5.386912751038937131e+05
3.488319788517558640e-06
1.464058851314147258e+00
6.289773034227034714e+02
8.252643416408043964e-08
2.002157973233249066e+00
1.645107101583862386e+05
1.362704332048534184e+01
2.154302409924466200e-01
