2.253330757782348315e-01
-3.308227129910536490e+01
9.797703389688990683e+01
2.989502592276054997e+02
6.517858649459979947e-01
6.959943559777170830e-01
6.654297317537914980e-01
1.712261114593804479e+00
3.334570579451781591e-01
1.724169442243728145e+00
1.252871380248671979e-02
3.495820495858409371e-01
1.386338625990485740e+00
1.296270910275779231e+00
1.529423697057025633e+00
2.776391825155917759e-01
1.958882057819558709e+00
3.009022901863216415e-01
1.173557268002670906e+00
1.413546514144493393e+00
1.943898506178105112e+00
7.611172399908432255e-08
2.290488715213883975e+00
7.222307379843723029e+06
6.912652139511041849e-01
5.974773825625128927e-07
1.790851277497067517e+00
1.663149938965996844e+05
1.262475618176407133e-01
5.046128391265839625e-06
1.962329027153305372e+00
3.094195436959349195e+02
1.784892852347894632e-01
2.431105240239557918e-07
1.563577609950897340e+00
2.961622660985050516e+03
1.453791157823479884e-06
1.771221623693009839e+00
1.826945578469996008e+03
1.319377870258368821e-07
2.259577681399592919e+00
4.523786170020818827e+05
2.301567450144762006e+01
1.711121422806965553e+00
