3.170000836061016569e-01
1.293050158033713615e+01
3.183742842298451023e+02
3.069445064422171185e+02
1.174358470623579453e+00
3.124350706685910528e-01
4.815057823926898184e-01
6.931019044095861892e-01
3.943567093649130162e-01
9.943224390843681260e-01
6.435631063608885372e-01
5.213540306774813171e-01
1.295628769752722675e+00
4.438121247401723424e-01
4.591231441382504497e-01
5.338890998152826528e-01
6.911687312213957712e-01
1.078810676258610934e+00
8.088190105105770300e-01
1.124544640821071972e+00
1.430320949154733290e+00
1.007626598031552055e-07
1.756138076897736600e+00
4.193085820573220961e+06
7.512477974112898860e-01
6.031031767092203432e-07
1.689336944869242796e+00
8.437763063231801789e+04
1.634674607211703268e-01
3.778912254094061445e-06
1.994909158962478113e+00
2.268598740732975330e+03
1.627963863378623088e-02
1.410984498220556378e-07
1.683231098095924860e+00
3.818730930829414865e+05
5.597397952496156494e-06
1.647538424004342028e+00
5.366570245052621431e+02
1.121747235303192662e-07
2.228698285576930171e+00
1.365775413499006754e+04
4.051774112138792461e+00
1.716231967333136321e+00
