5.190670160207218053e-01
2.108257855437894079e+01
8.724050359083990713e+01
2.878779349644397030e+02
1.961916093595974964e+00
1.238982470041560813e+00
1.858680249864740563e+00
1.229635283830303516e+00
1.042944599476156864e-01
1.145732265311198095e+00
5.179231620001710779e-01
1.190561048489398255e+00
1.680747161854797764e-02
1.728810607283592482e+00
6.189988468271074851e-01
1.688509473348657419e+00
4.903758966544546904e-01
1.821947768202685447e+00
8.046798742099052493e-02
9.904015427154025386e-02
5.946727569311718309e-01
1.394946531215404710e-07
1.605696308820683260e+00
8.493381439784511924e+06
8.391583931261095142e-01
3.623105068744619939e-07
2.080771396846505361e+00
1.509213772245761356e+05
5.118338713932719941e-02
4.194792664924801285e-06
1.804360578736396326e+00
1.579255231466834175e+02
3.411710950690548250e-02
1.667341616250674516e-07
1.556698942567682042e+00
4.571818647588194290e+04
4.587730313245730489e-06
2.146901645862643981e+00
1.861987402307549928e+03
1.238353246515251449e+01
1.925529177012808846e-01
