6.241055239769562890e-01
-5.902283050992991775e+00
2.257473140222553809e+02
2.924130397243418429e+02
6.445748046445135548e-01
9.017060565978367581e-01
1.580871682520844423e+00
1.094894017320368285e+00
1.112811052949758350e+00
8.294457408644125007e-02
1.507335698925057921e+00
1.727581859870751302e+00
1.202227048855707636e+00
1.875480342804462630e+00
4.658465051964935655e-02
7.078368081271717571e-01
3.436755233623579042e-01
1.761859820929033260e+00
1.649526110373922272e+00
2.395848445037082886e-01
3.113457224552751978e-01
7.892533999232727398e-08
2.083270174126554242e+00
1.692178896302509587e+06
7.693624484329053548e-01
5.630662585805968846e-07
1.837991400629536587e+00
1.426796961379117192e+03
1.418357906767674093e-01
2.200834387408183986e-06
1.606533711394113828e+00
1.893338405473121156e+03
7.590518994251842233e-02
1.166923816728513445e-07
1.883316814887957547e+00
3.976188053654754767e+05
1.297888589170547014e-06
2.188266608182093176e+00
1.639840025292552809e+03
1.338327588464839479e+01
9.912004954813098401e-01
