6.091796958599323686e-01
2.664560499025651552e+01
3.153693475343123964e+01
2.987709515107790139e+02
1.232919226492194209e+00
1.552621750198967865e+00
1.027974748441191410e+00
2.659517366345304223e-01
9.795089941896356622e-01
9.582620246937622044e-01
7.140974744783027406e-01
1.450043204616763504e+00
6.039944828779187924e-01
2.934509923004666176e-01
1.892441342839971341e+00
1.823369820772294814e-01
1.841033860430991265e+00
4.705479055502029828e-01
1.941621259779974906e+00
3.385911294065707677e-01
1.143772461685580000e+00
2.452096124308808217e-07
2.241027529663969009e+00
1.370541609852718003e+07
1.702478553218502166e-01
5.026829066051332600e-07
2.375517858908476221e+00
8.965915662110838457e+04
1.015182493167289014e-03
2.171677964785368526e-06
2.162302307206152019e+00
2.100841485788916088e+03
9.618860529862756359e-02
2.526766004931016181e-07
1.622246163609628589e+00
5.726692579256915487e+05
2.341669138648277116e-06
1.808763370223637201e+00
1.541654333096760638e+03
2.025287724891084107e+00
1.718591073142432313e+00
